Date	Time	Voltage L1N Min	Voltage L1N Avg	Voltage L1N Max	Voltage NG Min	Voltage NG Avg	Voltage NG Max	Peak Voltage L1N Min	Peak Voltage L1N Avg	Peak Voltage L1N Max	Peak Voltage NG Min	Peak Voltage NG Avg	Peak Voltage NG Max	Current L1 Min	Current L1 Avg	Current L1 Max	Current N Min	Current N Avg	Current N Max	Peak Current L1 Min	Peak Current L1 Avg	Peak Current L1 Max	Peak Current N Min	Peak Current N Avg	Peak Current N Max	Current Crest Factor L1 Min	Current Crest Factor L1 Avg	Current Crest Factor L1 Max	Current Crest Factor N Min	Current Crest Factor N Avg	Current Crest Factor N Max	Frequency Min	Frequency Avg	Frequency Max	
18/07/2018	19:08:56.094	3.440	3.500	3.540	.010	.010	.010	6.200	6.200	6.400	.000	.000	.000	.020	.020	.020	.140	.150	.150	.060	.060	.060	.180	.180	.180	327.670	327.670	327.670	327.670	327.670	327.670	59.965	59.966	59.966	
18/07/2018	19:09:01.094	3.540	3.850	4.180	.010	.010	.010	6.200	6.600	7.200	.000	.000	.000	.020	.020	.020	.140	.150	.150	.060	.060	.060	.180	.180	.180	327.670	327.670	327.670	327.670	327.670	327.670	59.964	59.968	59.979	
18/07/2018	19:09:06.094	4.160	4.170	4.190	.010	.010	.010	7.100	7.100	7.300	.000	.000	.000	.020	.020	.020	.140	.150	.150	.060	.060	.060	.180	.180	.180	327.670	327.670	327.670	327.670	327.670	327.670	59.978	59.982	59.984	
18/07/2018	19:09:11.094	4.150	4.170	4.190	.010	.010	.010	7.100	7.100	7.400	.000	.000	.000	.020	.020	.020	.140	.150	.150	.060	.060	.060	.180	.180	.180	327.670	327.670	327.670	327.670	327.670	327.670	59.980	59.980	59.980	
18/07/2018	19:09:16.094	3.960	4.110	4.180	.010	.010	.010	6.800	7.000	7.200	.000	.000	.000	.020	.020	.020	.140	.150	.150	.060	.060	.060	.180	.180	.180	327.670	327.670	327.670	327.670	327.670	327.670	59.980	59.980	59.980	
18/07/2018	19:09:21.094	3.660	3.740	3.990	.010	.010	.010	6.400	6.500	6.900	.000	.000	.000	.020	.020	.020	.140	.150	.150	.060	.060	.060	.180	.180	.180	327.670	327.670	327.670	327.670	327.670	327.670	59.980	59.981	59.982	
18/07/2018	19:09:26.094	3.590	3.640	3.670	.010	.010	.010	6.300	6.300	6.600	.000	.000	.000	.020	.020	.020	.140	.150	.150	.060	.060	.060	.180	.180	.180	327.670	327.670	327.670	327.670	327.670	327.670	59.982	59.984	59.986	
18/07/2018	19:09:31.094	3.460	3.500	3.590	.010	.010	.010	6.100	6.200	6.400	.000	.000	.000	.020	.020	.020	.140	.150	.150	.060	.060	.060	.180	.180	.180	327.670	327.670	327.670	327.670	327.670	327.670	59.986	59.989	59.991	
18/07/2018	19:09:36.094	3.460	3.460	3.470	.010	.010	.010	6.100	6.200	6.400	.000	.000	.000	.020	.020	.020	.140	.150	.150	.060	.060	.060	.180	.180	.180	327.670	327.670	327.670	327.670	327.670	327.670	59.991	59.993	59.996	
18/07/2018	19:09:41.094	3.460	3.460	3.520	.010	.010	.010	6.100	6.200	6.300	.000	.000	.000	.020	.020	.020	.140	.140	.150	.060	.060	.060	.180	.180	.180	327.670	327.670	327.670	327.670	327.670	327.670	59.996	59.998	60.000	
18/07/2018	19:09:46.094	3.510	3.590	3.790	.010	.010	.010	6.200	6.300	6.700	.000	.000	.000	.020	.020	.020	.140	.150	.150	.060	.060	.060	.180	.180	.180	327.670	327.670	327.670	327.670	327.670	327.670	60.000	60.000	60.001	
18/07/2018	19:09:51.094	3.760	4.060	4.370	.010	.010	.010	6.500	6.900	7.600	.000	.000	.000	.020	.020	.020	.140	.150	.150	.060	.060	.060	.180	.180	.200	327.670	327.670	327.670	327.670	327.670	327.670	60.001	60.001	60.002	
18/07/2018	19:09:56.094	4.060	4.240	4.430	.010	.010	.010	5.900	7.300	7.600	.000	.000	.000	.020	.020	.020	.140	.140	.150	.060	.060	.080	.180	.180	.180	327.670	327.670	327.670	327.670	327.670	327.670	60.002	60.003	60.004	
18/07/2018	19:10:01.094	4.430	4.440	4.490	.010	.010	.010	5.900	5.900	6.000	.000	.000	.000	.020	.020	.020	.140	.150	.150	.060	.060	.080	.180	.180	.200	327.670	327.670	327.670	327.670	327.670	327.670	59.998	59.999	60.000	
18/07/2018	19:10:06.094	4.480	5.230	6.090	.010	.010	.010	6.000	7.000	8.400	.000	.000	.000	.020	.020	.020	.140	.150	.150	.060	.060	.080	.180	.180	.180	327.670	327.670	327.670	327.670	327.670	327.670	60.000	60.000	60.001	
18/07/2018	19:10:11.094	6.050	6.310	6.470	.010	.010	.010	8.300	8.700	9.000	.000	.000	.000	.020	.020	.020	.140	.140	.150	.060	.060	.080	.180	.180	.180	327.670	327.670	327.670	327.670	327.670	327.670	60.007	60.007	60.008	
18/07/2018	19:10:16.094	6.470	6.570	6.680	.010	.010	.010	9.000	9.100	9.300	.000	.000	.000	.020	.020	.020	.140	.150	.150	.060	.060	.080	.180	.180	.180	327.670	327.670	327.670	327.670	327.670	327.670	60.004	60.005	60.007	
18/07/2018	19:10:21.094	6.680	6.760	6.780	.010	.010	.010	9.300	9.400	9.500	.000	.000	.000	.020	.020	.020	.140	.150	.150	.060	.060	.080	.180	.180	.180	327.670	327.670	327.670	327.670	327.670	327.670	60.001	60.002	60.004	
18/07/2018	19:10:26.094	6.780	6.780	6.780	.010	.010	.010	9.400	9.500	9.500	.000	.000	.000	.020	.020	.020	.140	.140	.150	.060	.060	.080	.180	.180	.180	327.670	327.670	327.670	327.670	327.670	327.670	59.997	59.999	60.001	
18/07/2018	19:10:31.094	6.690	6.740	6.780	.010	.010	.010	9.300	9.400	9.500	.000	.000	.000	.020	.020	.020	.140	.140	.150	.060	.060	.080	.180	.180	.180	327.670	327.670	327.670	327.670	327.670	327.670	59.995	59.996	59.997	
18/07/2018	19:10:36.094	5.040	6.030	6.690	.010	.010	.010	6.900	8.300	9.400	.000	.000	.000	.020	.020	.020	.140	.140	.150	.060	.060	.080	.180	.180	.180	327.670	327.670	327.670	327.670	327.670	327.670	59.994	59.995	59.995	
18/07/2018	19:10:41.094	4.410	4.520	5.080	.010	.010	.010	5.900	6.100	6.900	.000	.000	.000	.020	.020	.020	.140	.140	.150	.060	.060	.080	.180	.180	.180	327.670	327.670	327.670	327.670	327.670	327.670	59.990	59.992	59.994	
18/07/2018	19:10:46.094	4.380	4.490	4.610	.010	.010	.010	5.900	6.000	6.200	.000	.000	.000	.020	.020	.030	.140	.140	.150	.060	.060	.080	.180	.180	.180	327.670	327.670	327.670	327.670	327.670	327.670	59.988	59.989	59.990	
18/07/2018	19:10:51.094	4.560	4.640	5.360	.010	.010	.010	6.100	6.200	7.400	.000	.000	.000	.020	.020	.030	.140	.140	.150	.060	.060	.080	.180	.180	.180	327.670	327.670	327.670	327.670	327.670	327.670	59.987	59.987	59.988	
18/07/2018	19:10:56.094	5.270	5.910	6.310	.010	.010	.010	7.100	8.100	8.800	.000	.000	.000	.020	.020	.020	.140	.150	.150	.060	.060	.080	.180	.180	.200	327.670	327.670	327.670	327.670	327.670	327.670	59.988	59.988	59.988	
18/07/2018	19:11:01.094	5.540	5.870	6.310	.010	.010	.010	8.000	8.200	8.800	.000	.000	.000	.020	.020	.020	.140	.150	.150	.060	.060	.080	.180	.180	.180	327.670	327.670	327.670	327.670	327.670	327.670	59.988	59.988	59.989	
18/07/2018	19:11:06.094	5.990	6.090	6.220	.010	.010	.010	8.400	8.500	8.700	.000	.000	.000	.020	.020	.020	.140	.150	.150	.060	.060	.080	.180	.180	.200	327.670	327.670	327.670	327.670	327.670	327.670	59.988	59.988	59.988	
18/07/2018	19:11:11.094	6.220	6.220	6.220	.010	.010	.010	8.700	8.700	8.700	.000	.000	.000	.020	.020	.030	.140	.150	.150	.060	.060	.080	.180	.180	.180	327.670	327.670	327.670	327.670	327.670	327.670	59.988	59.989	59.989	
18/07/2018	19:11:16.094	6.220	6.220	6.220	.010	.010	.010	8.700	8.700	8.700	.000	.000	.000	.020	.020	.020	.140	.150	.150	.060	.060	.080	.180	.180	.180	327.670	327.670	327.670	327.670	327.670	327.670	59.989	59.990	59.992	
18/07/2018	19:11:21.094	5.500	6.090	6.220	.010	.010	.010	7.600	8.500	8.700	.000	.000	.000	.020	.030	.030	.140	.150	.150	.060	.060	.080	.180	.180	.180	327.670	327.670	327.670	327.670	327.670	327.670	59.992	59.994	59.995	
18/07/2018	19:11:26.094	4.210	4.880	5.510	.010	.010	.010	5.600	6.600	7.600	.000	.000	.000	.020	.030	.030	.140	.150	.150	.060	.060	.080	.180	.180	.200	327.670	327.670	327.670	327.670	327.670	327.670	59.995	59.996	59.996	
18/07/2018	19:11:31.094	4.070	4.160	4.230	.010	.010	.010	5.500	5.500	5.700	.000	.000	.000	.020	.020	.030	.140	.150	.150	.060	.060	.080	.180	.180	.200	327.670	327.670	327.670	327.670	327.670	327.670	59.996	59.997	59.997	
18/07/2018	19:11:36.094	4.020	4.040	4.080	.010	.010	.010	5.400	5.400	5.600	.000	.000	.000	.020	.030	.030	.140	.150	.150	.060	.060	.080	.180	.180	.180	327.670	327.670	327.670	327.670	327.670	327.670	59.997	59.997	59.997	
18/07/2018	19:11:41.094	4.030	4.450	5.610	.010	.010	.010	5.400	5.900	7.800	.000	.000	.000	.020	.030	.030	.140	.150	.150	.060	.060	.080	.180	.180	.180	327.670	327.670	327.670	327.670	327.670	327.670	59.996	59.997	59.997	
18/07/2018	19:11:46.094	5.610	5.750	5.880	.010	.010	.010	7.800	8.000	8.200	.000	.000	.000	.020	.030	.030	.140	.140	.140	.060	.060	.080	.180	.180	.180	327.670	327.670	327.670	327.670	327.670	327.670	59.997	59.997	59.997	
18/07/2018	19:11:51.094	5.880	5.990	6.140	.010	.010	.010	8.200	8.400	8.600	.000	.000	.000	.020	.030	.030	.140	.140	.150	.060	.060	.080	.180	.180	.180	327.670	327.670	327.670	327.670	327.670	327.670	59.996	59.997	59.997	
18/07/2018	19:11:56.094	6.140	6.200	6.230	.010	.010	.010	8.600	8.600	8.700	.000	.000	.000	.020	.030	.030	.140	.150	.150	.060	.060	.080	.180	.180	.200	327.670	327.670	327.670	327.670	327.670	327.670	59.994	59.996	59.996	
18/07/2018	19:12:01.094	6.230	6.230	6.230	.010	.010	.010	8.700	8.700	8.700	.000	.000	.000	.020	.030	.030	.140	.150	.150	.060	.060	.080	.180	.180	.200	327.670	327.670	327.670	327.670	327.670	327.670	59.993	59.994	59.994	
18/07/2018	19:12:06.094	6.160	6.210	6.230	.010	.010	.010	8.600	8.600	8.700	.000	.000	.000	.020	.030	.030	.140	.140	.150	.060	.060	.080	.180	.180	.200	327.670	327.670	327.670	327.670	327.670	327.670	59.993	59.994	59.994	
18/07/2018	19:12:11.094	4.740	5.840	6.160	.010	.010	.010	6.500	8.100	8.600	.000	.000	.000	.030	.030	.030	.140	.140	.150	.060	.060	.080	.180	.180	.200	327.670	327.670	327.670	327.670	327.670	327.670	59.992	59.994	59.994	
18/07/2018	19:12:16.094	4.010	4.310	4.740	.010	.010	.010	5.400	5.800	6.500	.000	.000	.000	.020	.030	.030	.140	.140	.150	.060	.060	.080	.180	.180	.180	327.670	327.670	327.670	327.670	327.670	327.670	59.989	59.990	59.992	
18/07/2018	19:12:21.094	4.100	4.150	4.180	.010	.010	.010	5.500	5.600	5.600	.000	.000	.000	.020	.030	.030	.140	.150	.150	.060	.060	.080	.180	.180	.180	327.670	327.670	327.670	327.670	327.670	327.670	59.986	59.988	59.989	
18/07/2018	19:12:26.094	3.960	4.030	4.150	.010	.010	.010	5.400	5.400	5.600	.000	.000	.000	.020	.030	.030	.140	.140	.150	.060	.060	.080	.180	.180	.200	327.670	327.670	327.670	327.670	327.670	327.670	59.984	59.985	59.986	
18/07/2018	19:12:31.094	4.010	4.890	5.450	.010	.010	.010	5.400	6.700	7.600	.000	.000	.000	.020	.030	.030	.140	.140	.140	.060	.060	.080	.180	.180	.180	327.670	327.670	327.670	327.670	327.670	327.670	59.984	59.985	59.985	
18/07/2018	19:12:36.094	5.390	5.510	5.630	.010	.010	.010	7.500	7.600	7.900	.000	.000	.000	.020	.030	.030	.140	.140	.150	.060	.060	.080	.180	.180	.180	327.670	327.670	327.670	327.670	327.670	327.670	59.985	59.986	59.987	
18/07/2018	19:12:41.094	5.630	5.890	6.200	.010	.010	.010	7.800	8.200	8.700	.000	.000	.000	.020	.030	.030	.140	.150	.150	.060	.060	.080	.180	.180	.200	327.670	327.670	327.670	327.670	327.670	327.670	59.986	59.987	59.987	
18/07/2018	19:12:46.094	6.190	6.200	6.200	.010	.010	.010	8.700	8.700	8.700	.000	.000	.000	.020	.030	.030	.140	.150	.150	.060	.060	.080	.180	.180	.200	327.670	327.670	327.670	327.670	327.670	327.670	59.986	59.986	59.986	
18/07/2018	19:12:51.094	6.190	6.190	6.200	.010	.010	.010	8.700	8.700	8.700	.000	.000	.000	.020	.030	.030	.140	.140	.150	.060	.060	.080	.180	.180	.180	327.670	327.670	327.670	327.670	327.670	327.670	59.986	59.988	59.989	
18/07/2018	19:12:56.094	6.020	6.090	6.200	.010	.010	.010	8.400	8.500	8.700	.000	.000	.000	.030	.030	.030	.140	.140	.150	.060	.060	.080	.180	.180	.180	327.670	327.670	327.670	327.670	327.670	327.670	59.989	59.991	59.992	
18/07/2018	19:13:01.094	4.080	5.070	6.020	.010	.010	.010	6.200	7.000	8.400	.000	.000	.000	.020	.030	.030	.140	.140	.140	.060	.060	.080	.180	.180	.200	327.670	327.670	327.670	327.670	327.670	327.670	59.992	59.994	59.994	
18/07/2018	19:13:06.094	3.990	4.040	4.120	.010	.010	.010	5.400	5.400	5.600	.000	.000	.000	.030	.030	.030	.140	.140	.150	.060	.060	.080	.180	.180	.180	327.670	327.670	327.670	327.670	327.670	327.670	59.994	59.994	59.994	
18/07/2018	19:13:11.094	4.020	4.030	4.050	.010	.010	.010	5.400	5.400	5.400	.000	.000	.000	.030	.030	.030	.140	.140	.150	.060	.060	.080	.180	.180	.200	327.670	327.670	327.670	327.670	327.670	327.670	59.994	59.994	59.995	
18/07/2018	19:13:16.094	4.030	4.230	4.770	.010	.010	.010	5.400	5.600	6.900	.000	.000	.000	.030	.030	.030	.140	.140	.140	.060	.080	.080	.180	.180	.200	327.670	327.670	327.670	327.670	327.670	327.670	59.995	59.995	59.995	
18/07/2018	19:13:21.094	3.690	4.900	5.230	.010	.010	.010	6.400	7.400	8.000	.000	.000	.000	.030	.030	.030	.140	.140	.140	.060	.060	.080	.180	.180	.200	327.670	327.670	327.670	327.670	327.670	327.670	59.990	59.993	59.995	
18/07/2018	19:13:26.094	3.240	3.920	4.710	.010	.010	.010	5.500	6.700	7.800	.000	.000	.000	.030	.030	.030	.140	.140	.140	.060	.080	.080	.180	.180	.200	327.670	327.670	327.670	327.670	327.670	327.670	59.986	59.990	59.993	
18/07/2018	19:13:31.094	3.240	3.940	4.810	.010	.010	.010	5.700	6.600	7.900	.000	.000	.000	.030	.030	.030	.140	.140	.150	.060	.080	.080	.180	.180	.200	327.670	327.670	327.670	327.670	327.670	327.670	59.985	59.987	59.989	
18/07/2018	19:13:36.094	3.150	3.930	4.850	.010	.010	.010	5.200	6.600	7.800	.000	.000	.000	.030	.030	.030	.140	.140	.140	.060	.060	.080	.180	.180	.200	327.670	327.670	327.670	327.670	327.670	327.670	59.982	59.985	59.987	
18/07/2018	19:13:41.094	3.280	3.810	4.260	.010	.010	.010	5.500	6.400	7.200	.000	.000	.000	.030	.030	.030	.140	.140	.140	.060	.080	.080	.180	.180	.200	327.670	327.670	327.670	327.670	327.670	327.670	59.982	59.985	59.987	
18/07/2018	19:13:46.094	3.310	3.990	4.640	.010	.010	.010	5.500	6.700	7.600	.000	.000	.000	.030	.030	.030	.140	.140	.150	.060	.080	.080	.180	.180	.200	327.670	327.670	327.670	327.670	327.670	327.670	59.983	59.985	59.987	
18/07/2018	19:13:51.094	3.390	4.390	5.560	.010	.010	.010	5.700	7.000	8.600	.000	.000	.000	.030	.030	.030	.140	.140	.140	.060	.060	.080	.180	.180	.200	327.670	327.670	327.670	327.670	327.670	327.670	59.981	59.985	59.988	
18/07/2018	19:13:56.094	3.150	4.260	5.160	.010	.010	.010	5.200	6.800	8.200	.000	.000	.000	.030	.030	.030	.140	.140	.140	.060	.080	.080	.180	.180	.200	327.670	327.670	327.670	327.670	327.670	327.670	59.979	59.983	59.986	
18/07/2018	19:14:01.094	3.780	4.180	4.760	.010	.010	.010	6.000	6.700	7.300	.000	.000	.000	.030	.030	.030	.140	.140	.140	.060	.080	.080	.180	.180	.200	327.670	327.670	327.670	327.670	327.670	327.670	59.978	59.982	59.986	
18/07/2018	19:14:06.094	3.640	4.260	5.200	.010	.010	.010	6.100	6.900	8.300	.000	.000	.000	.030	.030	.030	.140	.140	.140	.060	.080	.080	.180	.180	.200	327.670	327.670	327.670	327.670	327.670	327.670	59.976	59.982	59.985	
18/07/2018	19:14:11.094	3.510	4.280	5.420	.010	.010	.010	5.800	7.100	8.800	.000	.000	.000	.030	.030	.030	.140	.140	.150	.060	.080	.080	.180	.180	.200	327.670	327.670	327.670	327.670	327.670	327.670	59.979	59.983	59.986	
18/07/2018	19:14:16.094	3.410	4.180	4.760	.010	.010	.010	5.800	7.000	7.800	.000	.000	.000	.030	.030	.030	.140	.140	.140	.080	.080	.080	.180	.180	.200	327.670	327.670	327.670	327.670	327.670	327.670	59.981	59.984	59.986	
18/07/2018	19:14:21.094	3.830	5.330	6.230	.010	.010	.010	6.600	7.900	8.800	.000	.000	.000	.030	.030	.030	.140	.140	.140	.060	.080	.080	.180	.180	.200	327.670	327.670	327.670	327.670	327.670	327.670	59.982	59.985	59.987	
18/07/2018	19:14:26.094	6.230	6.230	6.230	.010	.010	.010	8.700	8.700	8.700	.000	.000	.000	.030	.030	.030	.140	.140	.140	.060	.080	.080	.180	.180	.200	327.670	327.670	327.670	327.670	327.670	327.670	59.982	59.984	59.986	
18/07/2018	19:14:31.094	6.170	6.200	6.230	.010	.010	.010	8.600	8.600	8.700	.000	.000	.000	.030	.030	.030	.140	.140	.150	.060	.080	.080	.180	.180	.180	327.670	327.670	327.670	327.670	327.670	327.670	59.981	59.982	59.983	
18/07/2018	19:14:36.094	5.140	5.760	6.170	.010	.010	.010	7.000	8.000	8.600	.000	.000	.000	.030	.030	.030	.140	.140	.140	.060	.060	.080	.180	.180	.180	327.670	327.670	327.670	327.670	327.670	327.670	59.980	59.981	59.981	
18/07/2018	19:14:41.094	.500	4.260	5.130	.010	.010	.010	.700	5.600	7.000	.000	.000	.000	.030	.030	.030	.140	.140	.140	.060	.060	.080	.180	.180	.180	327.670	327.670	327.670	327.670	327.670	327.670	59.979	59.980	59.980	
18/07/2018	19:14:46.094	.510	.520	.520	.010	.010	.010	.700	.700	.800	.000	.000	.000	.030	.030	.030	.140	.140	.150	.060	.080	.080	.180	.180	.200	327.670	327.670	327.670	327.670	327.670	327.670	59.979	59.979	59.979	
18/07/2018	19:14:51.094	.520	.520	.520	.010	.010	.010	.700	.700	.800	.000	.000	.000	.030	.030	.030	.140	.140	.140	.060	.060	.080	.180	.180	.180	327.670	327.670	327.670	327.670	327.670	327.670	59.979	59.979	59.979	
18/07/2018	19:14:56.094	.520	.520	.520	.010	.010	.010	.700	.700	.800	.000	.000	.000	.030	.030	.030	.140	.140	.150	.080	.080	.080	.180	.180	.200	327.670	327.670	327.670	327.670	327.670	327.670	59.979	59.979	59.979	
18/07/2018	19:15:01.094	.520	.520	.520	.010	.010	.010	.700	.700	.800	.000	.000	.000	.030	.030	.030	.140	.140	.150	.060	.080	.080	.180	.180	.180	327.670	327.670	327.670	327.670	327.670	327.670	59.979	59.979	59.979	
18/07/2018	19:15:06.094	.520	.520	.520	.010	.010	.010	.700	.800	.800	.000	.000	.000	.030	.030	.030	.140	.140	.150	.080	.080	.080	.180	.180	.180	327.670	327.670	327.670	327.670	327.670	327.670	59.979	59.979	59.979	
18/07/2018	19:15:11.094	.520	.520	.520	.010	.010	.010	.800	.800	.800	.000	.000	.000	.030	.030	.030	.140	.150	.150	.080	.080	.080	.180	.180	.180	327.670	327.670	327.670	327.670	327.670	327.670	59.979	59.979	59.979	
18/07/2018	19:15:16.094	.520	.520	.520	.010	.010	.010	.700	.800	.800	.000	.000	.000	.030	.030	.030	.140	.140	.150	.060	.060	.080	.180	.180	.200	327.670	327.670	327.670	327.670	327.670	327.670	59.979	59.979	59.979	
18/07/2018	19:15:21.094	.520	.520	.520	.010	.010	.010	.700	.800	.800	.000	.000	.000	.030	.030	.030	.140	.140	.150	.060	.080	.080	.180	.180	.200	327.670	327.670	327.670	327.670	327.670	327.670	59.979	59.979	59.979	
18/07/2018	19:15:26.094	.520	.520	.520	.010	.010	.010	.800	.800	.800	.000	.000	.000	.030	.030	.030	.140	.150	.150	.080	.080	.080	.180	.180	.200	327.670	327.670	327.670	327.670	327.670	327.670	59.979	59.979	59.979	
18/07/2018	19:15:31.094	.520	.520	.520	.010	.010	.010	.700	.800	.800	.000	.000	.000	.030	.030	.030	.140	.140	.140	.060	.080	.080	.180	.180	.180	327.670	327.670	327.670	327.670	327.670	327.670	59.979	59.979	59.979	
18/07/2018	19:15:36.094	.520	.520	.520	.010	.010	.010	.700	.800	.800	.000	.000	.000	.030	.030	.030	.140	.140	.140	.080	.080	.080	.180	.180	.180	327.670	327.670	327.670	327.670	327.670	327.670	59.979	59.979	59.979	
18/07/2018	19:15:41.094	.520	.520	.520	.010	.010	.010	.700	.800	.800	.000	.000	.000	.030	.030	.030	.140	.140	.140	.060	.080	.080	.180	.180	.180	327.670	327.670	327.670	327.670	327.670	327.670	59.979	59.979	59.979	
18/07/2018	19:15:46.094	.520	.520	.520	.010	.010	.010	.800	.800	.800	.000	.000	.000	.030	.030	.030	.140	.140	.150	.060	.060	.080	.180	.180	.200	327.670	327.670	327.670	327.670	327.670	327.670	59.979	59.979	59.979	
18/07/2018	19:15:51.094	.520	.520	.520	.010	.010	.010	.800	.800	.800	.000	.000	.000	.030	.030	.030	.140	.140	.140	.060	.080	.080	.180	.180	.200	327.670	327.670	327.670	327.670	327.670	327.670	59.979	59.979	59.979	
18/07/2018	19:15:56.094	.520	.520	.520	.010	.010	.010	.700	.800	.800	.000	.000	.000	.030	.030	.030	.140	.140	.140	.060	.080	.080	.180	.180	.180	327.670	327.670	327.670	327.670	327.670	327.670	59.979	59.979	59.979	
18/07/2018	19:16:01.094	.520	.520	.520	.010	.010	.010	.800	.800	.800	.000	.000	.000	.030	.030	.030	.140	.140	.140	.060	.060	.080	.180	.180	.200	327.670	327.670	327.670	327.670	327.670	327.670	59.979	59.979	59.979	
18/07/2018	19:16:06.094	.520	.520	.520	.010	.010	.010	.700	.800	.800	.000	.000	.000	.030	.030	.030	.140	.140	.150	.080	.080	.080	.180	.180	.180	327.670	327.670	327.670	327.670	327.670	327.670	59.979	59.979	59.979	
18/07/2018	19:16:11.094	.520	.520	.520	.010	.010	.010	.800	.800	.800	.000	.000	.000	.030	.030	.030	.140	.150	.150	.080	.080	.080	.180	.180	.180	327.670	327.670	327.670	327.670	327.670	327.670	59.979	59.979	59.979	
18/07/2018	19:16:16.094	.520	.520	.520	.010	.010	.010	.800	.800	.800	.000	.000	.000	.030	.030	.030	.140	.140	.150	.080	.080	.080	.180	.180	.200	327.670	327.670	327.670	327.670	327.670	327.670	59.979	59.979	59.979	
18/07/2018	19:16:21.094	.520	.520	.520	.010	.010	.010	.700	.800	.800	.000	.000	.000	.030	.030	.030	.140	.150	.150	.080	.080	.080	.180	.180	.180	327.670	327.670	327.670	327.670	327.670	327.670	59.979	59.979	59.979	
18/07/2018	19:16:26.094	.520	.520	.520	.010	.010	.010	.800	.800	.800	.000	.000	.000	.030	.030	.030	.140	.140	.150	.080	.080	.080	.180	.180	.200	327.670	327.670	327.670	327.670	327.670	327.670	59.979	59.979	59.979	
18/07/2018	19:16:31.094	.520	.520	.520	.010	.010	.010	.800	.800	.800	.000	.000	.000	.030	.030	.030	.140	.140	.150	.080	.080	.080	.180	.180	.180	327.670	327.670	327.670	327.670	327.670	327.670	59.979	59.979	59.979	
18/07/2018	19:16:36.094	.520	.520	.520	.010	.010	.010	.800	.800	.800	.000	.000	.000	.030	.030	.030	.140	.140	.150	.080	.080	.080	.180	.180	.180	327.670	327.670	327.670	327.670	327.670	327.670	59.979	59.979	59.979	
18/07/2018	19:16:41.094	.520	.520	.520	.010	.010	.010	.700	.800	.800	.000	.000	.000	.030	.030	.030	.140	.140	.150	.060	.080	.080	.180	.180	.200	327.670	327.670	327.670	327.670	327.670	327.670	59.979	59.979	59.979	
18/07/2018	19:16:46.094	.520	.520	.520	.010	.010	.010	.700	.800	.800	.000	.000	.000	.030	.030	.030	.140	.140	.150	.080	.080	.080	.180	.180	.200	327.670	327.670	327.670	327.670	327.670	327.670	59.979	59.979	59.979	
18/07/2018	19:16:51.094	.520	.520	.520	.010	.010	.010	.800	.800	.800	.000	.000	.000	.030	.030	.030	.140	.140	.150	.080	.080	.080	.180	.180	.200	327.670	327.670	327.670	327.670	327.670	327.670	59.979	59.979	59.979	
18/07/2018	19:16:56.094	.520	.520	.520	.010	.010	.010	.800	.800	.800	.000	.000	.000	.030	.030	.030	.140	.140	.140	.080	.080	.080	.180	.180	.180	327.670	327.670	327.670	327.670	327.670	327.670	59.979	59.979	59.979	
18/07/2018	19:17:01.094	.520	.520	.520	.010	.010	.010	.800	.800	.800	.000	.000	.000	.030	.030	.030	.140	.140	.150	.080	.080	.080	.180	.180	.200	327.670	327.670	327.670	327.670	327.670	327.670	59.979	59.979	59.979	
18/07/2018	19:17:06.094	.520	1.090	3.680	.010	.010	.010	.800	1.200	5.600	.000	.000	.000	.030	.030	.030	.140	.140	.150	.080	.080	.080	.180	.180	.180	327.670	327.670	327.670	327.670	327.670	327.670	59.869	59.983	60.178	
18/07/2018	19:17:11.094	3.720	3.900	4.880	.010	.010	.010	5.000	5.300	7.000	.000	.000	.000	.030	.030	.030	.140	.150	.150	.080	.080	.080	.180	.180	.180	327.670	327.670	327.670	327.670	327.670	327.670	59.936	59.994	60.007	
18/07/2018	19:17:16.094	3.730	3.730	3.740	.010	.010	.010	5.000	5.000	5.000	.000	.000	.000	.030	.030	.030	.140	.140	.140	.080	.080	.080	.180	.180	.200	327.670	327.670	327.670	327.670	327.670	327.670	60.007	60.008	60.013	
18/07/2018	19:17:21.094	3.730	3.730	3.730	.010	.010	.010	5.000	5.000	5.000	.000	.000	.000	.030	.030	.030	.140	.150	.150	.080	.080	.080	.180	.180	.200	327.670	327.670	327.670	327.670	327.670	327.670	60.012	60.011	60.012	
18/07/2018	19:17:26.094	3.730	3.760	3.770	.010	.010	.010	5.000	5.000	5.000	.000	.000	.000	.030	.030	.030	.140	.140	.150	.080	.080	.080	.180	.180	.200	327.670	327.670	327.670	327.670	327.670	327.670	60.012	60.012	60.013	
18/07/2018	19:17:31.094	3.770	4.230	4.350	.010	.010	.010	5.000	5.700	5.900	.000	.000	.000	.030	.030	.030	.140	.140	.150	.080	.080	.080	.180	.180	.180	327.670	327.670	327.670	327.670	327.670	327.670	60.009	60.011	60.013	
18/07/2018	19:17:36.094	4.270	4.860	4.970	.010	.010	.010	5.800	6.700	6.900	.000	.000	.000	.030	.030	.030	.140	.140	.140	.080	.080	.080	.180	.180	.200	327.670	327.670	327.670	327.670	327.670	327.670	60.003	60.005	60.009	
18/07/2018	19:17:41.094	4.930	5.080	5.110	.010	.010	.010	6.800	7.000	7.100	.000	.000	.000	.030	.030	.030	.140	.140	.140	.080	.080	.080	.180	.180	.180	327.670	327.670	327.670	327.670	327.670	327.670	60.000	60.000	60.003	
18/07/2018	19:17:46.094	5.100	5.180	5.200	.010	.010	.010	7.100	7.200	7.300	.000	.000	.000	.030	.030	.030	.140	.140	.140	.080	.080	.080	.180	.180	.200	327.670	327.670	327.670	327.670	327.670	327.670	59.998	59.999	60.000	
18/07/2018	19:17:51.094	5.190	5.260	5.280	.010	.010	.010	7.200	7.300	7.400	.000	.000	.000	.030	.030	.030	.140	.140	.140	.080	.080	.080	.180	.180	.180	327.670	327.670	327.670	327.670	327.670	327.670	59.996	59.997	59.998	
18/07/2018	19:17:56.094	5.280	5.390	5.410	.010	.010	.010	7.400	7.500	7.600	.000	.000	.000	.030	.030	.030	.140	.140	.140	.080	.080	.080	.180	.180	.200	327.670	327.670	327.670	327.670	327.670	327.670	59.996	59.998	59.999	
18/07/2018	19:18:01.094	5.410	5.510	5.530	.010	.010	.010	7.600	7.600	7.700	.000	.000	.000	.030	.030	.030	.140	.140	.140	.080	.080	.080	.180	.180	.180	327.670	327.670	327.670	327.670	327.670	327.670	59.999	60.000	60.002	
18/07/2018	19:18:06.094	5.530	5.630	5.650	.010	.010	.010	7.700	7.800	7.900	.000	.000	.000	.030	.030	.030	.140	.140	.140	.080	.080	.100	.180	.180	.180	327.670	327.670	327.670	327.670	327.670	327.670	60.002	60.002	60.004	
18/07/2018	19:18:11.094	5.650	5.650	5.650	.010	.010	.010	7.900	7.900	7.900	.000	.000	.000	.030	.030	.030	.140	.140	.150	.060	.080	.080	.180	.180	.180	327.670	327.670	327.670	327.670	327.670	327.670	60.004	60.005	60.007	
18/07/2018	19:18:16.094	5.650	5.650	5.650	.010	.010	.010	7.900	7.900	7.900	.000	.000	.000	.030	.030	.030	.140	.140	.140	.080	.080	.080	.180	.180	.200	327.670	327.670	327.670	327.670	327.670	327.670	60.007	60.008	60.010	
18/07/2018	19:18:21.094	5.650	5.650	5.650	.010	.010	.010	7.900	7.900	7.900	.000	.000	.000	.030	.030	.030	.140	.140	.150	.080	.080	.080	.180	.180	.200	327.670	327.670	327.670	327.670	327.670	327.670	60.008	60.009	60.010	
18/07/2018	19:18:26.094	5.650	5.650	5.650	.010	.010	.010	7.900	7.900	7.900	.000	.000	.000	.030	.030	.030	.140	.140	.140	.080	.080	.080	.180	.180	.180	327.670	327.670	327.670	327.670	327.670	327.670	60.002	60.005	60.008	
18/07/2018	19:18:31.094	5.650	5.650	5.650	.010	.010	.010	7.900	7.900	7.900	.000	.000	.000	.030	.030	.030	.140	.140	.140	.080	.080	.080	.180	.180	.180	327.670	327.670	327.670	327.670	327.670	327.670	59.997	60.000	60.002	
18/07/2018	19:18:36.094	5.560	5.570	5.650	.010	.010	.010	7.800	7.800	7.900	.000	.000	.000	.030	.030	.030	.140	.140	.140	.080	.080	.080	.180	.180	.180	327.670	327.670	327.670	327.670	327.670	327.670	59.995	59.996	59.997	
18/07/2018	19:18:41.094	5.540	5.540	5.560	.010	.010	.010	7.700	7.700	7.800	.000	.000	.000	.030	.030	.030	.140	.140	.140	.080	.080	.080	.180	.180	.180	327.670	327.670	327.670	327.670	327.670	327.670	59.993	59.994	59.994	
18/07/2018	19:18:46.094	4.910	5.000	5.540	.010	.010	.010	6.800	6.900	7.700	.000	.000	.000	.030	.030	.030	.140	.140	.140	.080	.080	.080	.180	.180	.200	327.670	327.670	327.670	327.670	327.670	327.670	59.991	59.992	59.992	
18/07/2018	19:18:51.094	4.240	4.340	4.910	.010	.010	.010	5.700	5.800	6.800	.000	.000	.000	.030	.030	.030	.140	.140	.140	.080	.080	.080	.180	.180	.180	327.670	327.670	327.670	327.670	327.670	327.670	59.990	59.991	59.991	
18/07/2018	19:18:56.094	3.730	3.810	4.240	.010	.010	.010	5.000	5.100	5.700	.000	.000	.000	.030	.030	.030	.140	.140	.150	.080	.080	.080	.180	.180	.200	327.670	327.670	327.670	327.670	327.670	327.670	59.990	59.991	59.992	
18/07/2018	19:19:01.094	3.580	3.740	4.450	.010	.010	.010	4.900	5.000	6.100	.000	.000	.000	.030	.030	.030	.140	.140	.140	.080	.080	.080	.180	.180	.180	327.670	327.670	327.670	327.670	327.670	327.670	59.992	59.994	59.997	
18/07/2018	19:19:06.094	4.570	4.700	4.760	.010	.010	.010	6.200	6.300	6.400	.000	.000	.000	.030	.030	.030	.140	.140	.150	.080	.080	.080	.180	.180	.200	327.670	327.670	327.670	327.670	327.670	327.670	59.997	60.000	60.001	
18/07/2018	19:19:11.094	4.650	4.670	4.700	.010	.010	.010	6.300	6.300	6.300	.000	.000	.000	.030	.030	.030	.140	.140	.150	.080	.080	.080	.180	.180	.200	327.670	327.670	327.670	327.670	327.670	327.670	60.001	60.001	60.002	
18/07/2018	19:19:16.094	4.640	4.660	4.690	.010	.010	.010	6.200	6.300	6.300	.000	.000	.000	.030	.030	.030	.140	.140	.140	.080	.080	.080	.180	.180	.180	327.670	327.670	327.670	327.670	327.670	327.670	60.002	60.003	60.005	
18/07/2018	19:19:21.094	4.670	4.670	4.670	.010	.010	.010	6.300	6.300	6.300	.000	.000	.000	.030	.030	.030	.140	.140	.140	.080	.080	.080	.180	.180	.200	327.670	327.670	327.670	327.670	327.670	327.670	60.005	60.004	60.005	
18/07/2018	19:19:26.094	4.670	4.700	4.710	.010	.010	.010	6.300	6.300	6.400	.000	.000	.000	.030	.030	.030	.140	.140	.140	.080	.080	.080	.180	.180	.180	327.670	327.670	327.670	327.670	327.670	327.670	60.004	60.004	60.005	
18/07/2018	19:19:31.094	4.710	5.280	5.400	.010	.010	.010	6.300	7.200	8.100	.000	.000	.000	.030	.030	.030	.140	.140	.150	.080	.080	.080	.180	.180	.200	327.670	327.670	327.670	327.670	327.670	327.670	60.004	60.003	60.004	
18/07/2018	19:19:36.094	5.370	6.040	6.160	.010	.010	.010	7.300	8.400	9.600	.000	.000	.000	.030	.030	.030	.140	.140	.140	.080	.080	.080	.180	.180	.180	327.670	327.670	327.670	327.670	327.670	327.670	60.004	60.004	60.006	
18/07/2018	19:19:41.094	6.150	6.320	6.350	.010	.010	.010	8.500	8.700	8.800	.000	.000	.000	.030	.030	.030	.140	.140	.140	.080	.080	.080	.180	.180	.200	327.670	327.670	327.670	327.670	327.670	327.670	60.006	60.007	60.008	
18/07/2018	19:19:46.094	6.350	6.440	6.460	.010	.010	.010	8.800	8.900	9.000	.000	.000	.000	.030	.030	.030	.140	.140	.140	.080	.080	.080	.180	.180	.200	327.670	327.670	327.670	327.670	327.670	327.670	60.007	60.007	60.008	
18/07/2018	19:19:51.094	6.460	6.510	6.520	.010	.010	.010	9.000	9.000	9.100	.000	.000	.000	.030	.030	.030	.140	.140	.140	.080	.080	.080	.180	.180	.200	327.670	327.670	327.670	327.670	327.670	327.670	60.005	60.005	60.007	
18/07/2018	19:19:56.094	6.520	6.610	6.630	.010	.010	.010	9.100	9.200	9.300	.000	.000	.000	.030	.030	.030	.140	.140	.140	.080	.080	.080	.180	.180	.200	327.670	327.670	327.670	327.670	327.670	327.670	60.005	60.005	60.006	
18/07/2018	19:20:01.094	6.630	6.690	6.710	.010	.010	.010	9.200	9.300	9.400	.000	.000	.000	.030	.030	.030	.140	.140	.140	.080	.080	.080	.180	.180	.180	327.670	327.670	327.670	327.670	327.670	327.670	60.004	60.004	60.005	
18/07/2018	19:20:06.094	6.710	6.780	6.800	.010	.010	.010	9.300	9.400	9.500	.000	.000	.000	.030	.030	.030	.140	.140	.140	.080	.080	.080	.180	.180	.200	327.670	327.670	327.670	327.670	327.670	327.670	60.002	60.003	60.004	
18/07/2018	19:20:11.094	6.800	6.800	6.800	.010	.010	.010	9.500	9.500	9.500	.000	.000	.000	.030	.030	.030	.140	.140	.140	.080	.080	.080	.180	.180	.180	327.670	327.670	327.670	327.670	327.670	327.670	60.001	60.001	60.002	
18/07/2018	19:20:16.094	6.800	6.800	6.800	.010	.010	.010	9.500	9.500	9.500	.000	.000	.000	.030	.030	.030	.140	.140	.140	.080	.080	.100	.180	.180	.180	327.670	327.670	327.670	327.670	327.670	327.670	60.000	60.000	60.001	
18/07/2018	19:20:21.094	6.800	6.800	6.800	.010	.010	.010	9.500	9.500	9.500	.000	.000	.000	.030	.030	.030	.140	.140	.140	.080	.080	.080	.180	.180	.180	327.670	327.670	327.670	327.670	327.670	327.670	59.999	59.999	59.999	
18/07/2018	19:20:26.094	6.800	6.800	6.800	.010	.010	.010	9.500	9.500	9.500	.000	.000	.000	.030	.030	.030	.140	.140	.150	.080	.080	.080	.180	.180	.180	327.670	327.670	327.670	327.670	327.670	327.670	59.998	59.999	59.999	
18/07/2018	19:20:31.094	6.800	6.800	6.800	.010	.010	.010	9.500	9.500	9.500	.000	.000	.000	.030	.030	.030	.140	.140	.140	.080	.080	.080	.180	.180	.180	327.670	327.670	327.670	327.670	327.670	327.670	59.999	60.000	60.002	
18/07/2018	19:20:36.094	6.730	6.740	6.800	.010	.010	.010	9.400	9.400	9.500	.000	.000	.000	.030	.030	.030	.140	.140	.140	.080	.080	.080	.180	.180	.180	327.670	327.670	327.670	327.670	327.670	327.670	60.002	60.002	60.003	
18/07/2018	19:20:41.094	6.720	6.720	6.730	.010	.010	.010	9.400	9.400	9.400	.000	.000	.000	.030	.030	.030	.140	.140	.140	.080	.080	.100	.180	.180	.200	327.670	327.670	327.670	327.670	327.670	327.670	60.000	60.000	60.002	
18/07/2018	19:20:46.094	6.120	6.220	6.720	.010	.010	.010	8.400	8.600	9.400	.000	.000	.000	.030	.030	.030	.140	.140	.140	.080	.080	.080	.180	.180	.180	327.670	327.670	327.670	327.670	327.670	327.670	59.999	60.000	60.000	
18/07/2018	19:20:51.094	5.290	5.430	6.120	.010	.010	.010	7.200	7.400	8.400	.000	.000	.000	.030	.030	.030	.140	.140	.140	.080	.080	.080	.180	.180	.200	327.670	327.670	327.670	327.670	327.670	327.670	59.997	59.998	59.999	
18/07/2018	19:20:56.094	4.560	4.700	5.300	.010	.010	.010	6.100	6.300	7.200	.000	.000	.000	.030	.030	.030	.140	.140	.140	.080	.080	.080	.180	.180	.180	327.670	327.670	327.670	327.670	327.670	327.670	59.997	59.998	59.999	
18/07/2018	19:21:01.094	4.500	4.600	4.700	.010	.010	.010	6.100	6.200	6.300	.000	.000	.000	.030	.030	.030	.140	.140	.140	.080	.080	.080	.180	.180	.180	327.670	327.670	327.670	327.670	327.670	327.670	60.000	60.001	60.002	
18/07/2018	19:21:06.094	4.470	4.560	4.670	.010	.010	.010	6.100	6.100	6.300	.000	.000	.000	.030	.030	.030	.140	.140	.140	.080	.080	.080	.180	.180	.200	327.670	327.670	327.670	327.670	327.670	327.670	60.001	60.001	60.003	
18/07/2018	19:21:11.094	4.480	4.510	4.550	.010	.010	.010	6.100	6.100	6.200	.000	.000	.000	.030	.030	.030	.140	.140	.140	.080	.080	.080	.180	.180	.180	327.670	327.670	327.670	327.670	327.670	327.670	60.001	60.000	60.001	
18/07/2018	19:21:16.094	4.480	4.500	4.540	.010	.010	.010	6.100	6.100	6.100	.000	.000	.000	.030	.030	.030	.140	.140	.140	.080	.080	.080	.180	.180	.200	327.670	327.670	327.670	327.670	327.670	327.670	60.001	60.001	60.002	
18/07/2018	19:21:21.094	4.490	4.520	4.590	.010	.010	.010	6.100	6.100	6.400	.000	.000	.000	.030	.030	.030	.140	.140	.140	.080	.080	.080	.180	.180	.180	327.670	327.670	327.670	327.670	327.670	327.670	60.000	60.000	60.002	
18/07/2018	19:21:26.094	4.520	4.540	4.560	.010	.010	.010	6.100	6.100	6.200	.000	.000	.000	.030	.030	.030	.140	.140	.140	.080	.080	.080	.180	.180	.200	327.670	327.670	327.670	327.670	327.670	327.670	59.999	60.000	60.000	
18/07/2018	19:21:31.094	4.540	5.100	5.260	.010	.010	.010	6.100	6.900	7.200	.000	.000	.000	.030	.030	.030	.140	.140	.140	.080	.080	.080	.180	.180	.180	327.670	327.670	327.670	327.670	327.670	327.670	59.999	60.000	60.001	
18/07/2018	19:21:36.094	5.150	5.810	5.930	.010	.010	.010	7.000	8.000	8.500	.000	.000	.000	.030	.030	.030	.140	.140	.140	.080	.080	.080	.180	.180	.200	327.670	327.670	327.670	327.670	327.670	327.670	60.001	60.002	60.003	
18/07/2018	19:21:41.094	5.920	6.060	6.110	.010	.010	.010	8.200	8.400	8.600	.000	.000	.000	.030	.030	.030	.140	.140	.140	.080	.080	.080	.180	.180	.200	327.670	327.670	327.670	327.670	327.670	327.670	60.003	60.003	60.004	
18/07/2018	19:21:46.094	6.070	6.190	6.220	.010	.010	.010	8.400	8.600	8.800	.000	.000	.000	.030	.030	.030	.140	.140	.150	.080	.080	.080	.180	.180	.200	327.670	327.670	327.670	327.670	327.670	327.670	60.004	60.004	60.005	
18/07/2018	19:21:51.094	6.210	6.290	6.310	.010	.010	.010	8.700	8.700	8.800	.000	.000	.000	.030	.030	.030	.140	.140	.150	.080	.080	.080	.180	.180	.200	327.670	327.670	327.670	327.670	327.670	327.670	60.004	60.004	60.005	
18/07/2018	19:21:56.094	6.310	6.450	6.480	.010	.010	.010	8.800	8.900	9.000	.000	.000	.000	.030	.030	.030	.140	.140	.150	.080	.080	.080	.180	.180	.200	327.670	327.670	327.670	327.670	327.670	327.670	60.000	60.001	60.004	
18/07/2018	19:22:01.094	6.470	6.590	6.620	.010	.010	.010	9.000	9.100	9.200	.000	.000	.000	.030	.030	.030	.140	.140	.140	.080	.080	.080	.180	.180	.180	327.670	327.670	327.670	327.670	327.670	327.670	59.997	59.999	60.000	
18/07/2018	19:22:06.094	6.620	6.760	6.790	.010	.010	.010	9.200	9.400	9.500	.000	.000	.000	.030	.030	.030	.140	.140	.150	.080	.080	.100	.180	.180	.180	327.670	327.670	327.670	327.670	327.670	327.670	59.996	59.997	59.997	
18/07/2018	19:22:11.094	6.790	6.790	6.790	.010	.010	.010	9.500	9.500	9.500	.000	.000	.000	.030	.030	.030	.140	.140	.140	.080	.080	.080	.180	.180	.200	327.670	327.670	327.670	327.670	327.670	327.670	59.996	59.996	59.996	
18/07/2018	19:22:16.094	6.790	6.790	6.790	.010	.010	.010	9.500	9.500	9.500	.000	.000	.000	.030	.030	.030	.140	.140	.150	.080	.080	.100	.180	.180	.180	327.670	327.670	327.670	327.670	327.670	327.670	59.996	59.997	59.997	
18/07/2018	19:22:21.094	6.790	6.790	6.790	.010	.010	.010	9.500	9.500	9.500	.000	.000	.000	.030	.030	.030	.140	.150	.150	.080	.080	.100	.180	.180	.200	327.670	327.670	327.670	327.670	327.670	327.670	59.997	59.997	59.997	
18/07/2018	19:22:26.094	6.790	6.790	6.790	.010	.010	.010	9.500	9.500	9.500	.000	.000	.000	.030	.030	.030	.140	.140	.140	.080	.080	.080	.180	.180	.180	327.670	327.670	327.670	327.670	327.670	327.670	59.997	59.999	59.999	
18/07/2018	19:22:31.094	6.790	6.790	6.790	.010	.010	.010	9.500	9.500	9.500	.000	.000	.000	.030	.030	.030	.140	.150	.150	.080	.080	.080	.180	.180	.200	327.670	327.670	327.670	327.670	327.670	327.670	60.000	60.001	60.003	
18/07/2018	19:22:36.094	6.660	6.680	6.790	.010	.010	.010	9.300	9.300	9.500	.000	.000	.000	.030	.030	.030	.140	.140	.140	.080	.080	.080	.180	.180	.200	327.670	327.670	327.670	327.670	327.670	327.670	60.003	60.003	60.004	
18/07/2018	19:22:41.094	6.630	6.630	6.660	.010	.010	.010	9.200	9.200	9.300	.000	.000	.000	.030	.030	.030	.140	.140	.150	.080	.080	.080	.180	.180	.200	327.670	327.670	327.670	327.670	327.670	327.670	60.001	60.001	60.003	
18/07/2018	19:22:46.094	5.870	6.060	6.630	.010	.010	.010	8.100	8.300	9.300	.000	.000	.000	.030	.030	.030	.140	.140	.140	.080	.080	.080	.180	.180	.180	327.670	327.670	327.670	327.670	327.670	327.670	60.000	60.000	60.000	
18/07/2018	19:22:51.094	5.140	5.300	6.000	.010	.010	.010	7.000	7.200	8.200	.000	.000	.000	.030	.030	.030	.140	.140	.140	.080	.080	.080	.180	.180	.200	327.670	327.670	327.670	327.670	327.670	327.670	60.000	60.000	60.002	
18/07/2018	19:22:56.094	4.520	4.630	5.190	.010	.010	.010	6.100	6.200	7.000	.000	.000	.000	.030	.030	.030	.140	.140	.150	.080	.080	.080	.180	.180	.200	327.670	327.670	327.670	327.670	327.670	327.670	60.002	60.001	60.002	
18/07/2018	19:23:01.094	4.440	4.510	4.540	.010	.010	.010	6.000	6.100	6.100	.000	.000	.000	.030	.030	.030	.140	.140	.150	.080	.080	.100	.180	.180	.200	327.670	327.670	327.670	327.670	327.670	327.670	60.002	60.001	60.002	
18/07/2018	19:23:06.094	3.740	4.510	4.790	.010	.010	.010	6.100	6.700	7.500	.000	.000	.000	.030	.030	.030	.140	.140	.140	.080	.080	.080	.180	.180	.200	327.670	327.670	327.670	327.670	327.670	327.670	60.000	60.001	60.005	
18/07/2018	19:23:11.094	3.350	4.090	4.690	.010	.010	.010	5.800	6.700	7.600	.000	.000	.000	.030	.030	.030	.140	.150	.150	.080	.080	.080	.180	.180	.200	327.670	327.670	327.670	327.670	327.670	327.670	60.002	60.004	60.007	
18/07/2018	19:23:16.094	3.590	4.040	4.400	.010	.010	.010	5.900	6.500	7.200	.000	.000	.000	.030	.030	.030	.140	.150	.150	.080	.080	.080	.180	.180	.200	327.670	327.670	327.670	327.670	327.670	327.670	60.006	60.010	60.016	
18/07/2018	19:23:21.094	3.520	3.920	4.250	.010	.010	.010	5.800	6.300	6.700	.000	.000	.000	.030	.030	.030	.140	.150	.150	.080	.080	.100	.180	.180	.200	327.670	327.670	327.670	327.670	327.670	327.670	60.011	60.013	60.016	
18/07/2018	19:23:26.094	3.360	3.850	4.430	.010	.010	.010	5.700	6.200	6.900	.000	.000	.000	.030	.030	.030	.140	.150	.150	.080	.080	.100	.180	.180	.200	327.670	327.670	327.670	327.670	327.670	327.670	60.012	60.013	60.015	
18/07/2018	19:23:31.094	3.460	3.880	4.380	.010	.010	.010	5.800	6.400	7.000	.000	.000	.000	.030	.030	.030	.140	.150	.150	.080	.080	.100	.180	.180	.200	327.670	327.670	327.670	327.670	327.670	327.670	60.011	60.012	60.015	
18/07/2018	19:23:36.094	3.430	3.920	4.330	.010	.010	.010	5.500	6.400	7.200	.000	.000	.000	.030	.030	.030	.140	.150	.150	.080	.080	.100	.180	.180	.200	327.670	327.670	327.670	327.670	327.670	327.670	60.011	60.012	60.015	
18/07/2018	19:23:41.094	3.250	4.050	4.560	.010	.010	.010	5.400	6.800	7.700	.000	.000	.000	.030	.030	.030	.140	.150	.150	.080	.080	.080	.180	.180	.200	327.670	327.670	327.670	327.670	327.670	327.670	60.011	60.012	60.016	
18/07/2018	19:23:46.094	3.460	5.300	6.470	.010	.010	.010	5.900	7.900	12.000	.000	.000	.000	.030	.030	.030	.140	.150	.150	.080	.080	.080	.180	.180	.200	327.670	327.670	327.670	327.670	327.670	327.670	60.013	60.014	60.017	
18/07/2018	19:23:51.094	6.470	6.520	6.530	.010	.010	.010	9.000	9.100	9.100	.000	.000	.000	.030	.030	.030	.140	.140	.150	.080	.080	.080	.180	.180	.200	327.670	327.670	327.670	327.670	327.670	327.670	60.011	60.014	60.017	
18/07/2018	19:23:56.094	6.530	6.610	6.630	.010	.010	.010	9.100	9.200	9.300	.000	.000	.000	.030	.030	.030	.140	.150	.150	.080	.080	.080	.180	.180	.200	327.670	327.670	327.670	327.670	327.670	327.670	60.009	60.010	60.013	
18/07/2018	19:24:01.094	6.630	6.690	6.710	.010	.010	.010	9.200	9.300	9.400	.000	.000	.000	.030	.030	.030	.140	.140	.150	.080	.080	.080	.180	.180	.200	327.670	327.670	327.670	327.670	327.670	327.670	60.009	60.009	60.011	
18/07/2018	19:24:06.094	6.690	6.770	6.800	.010	.010	.010	9.300	9.400	9.600	.000	.000	.000	.030	.030	.030	.140	.150	.150	.080	.080	.080	.180	.180	.180	327.670	327.670	327.670	327.670	327.670	327.670	60.011	60.012	60.014	
18/07/2018	19:24:11.094	6.790	6.790	6.800	.010	.010	.010	9.500	9.500	9.500	.000	.000	.000	.030	.030	.030	.140	.140	.150	.080	.080	.080	.180	.180	.180	327.670	327.670	327.670	327.670	327.670	327.670	60.014	60.014	60.015	
18/07/2018	19:24:16.094	6.790	6.790	6.800	.010	.010	.010	9.500	9.500	9.500	.000	.000	.000	.030	.030	.030	.140	.140	.150	.080	.080	.080	.180	.180	.180	327.670	327.670	327.670	327.670	327.670	327.670	60.014	60.014	60.015	
18/07/2018	19:24:21.094	6.790	6.790	6.800	.010	.010	.010	9.500	9.500	9.500	.000	.000	.000	.030	.030	.040	.140	.140	.140	.080	.080	.080	.180	.180	.200	327.670	327.670	327.670	327.670	327.670	327.670	60.015	60.015	60.017	
18/07/2018	19:24:26.094	6.790	6.790	6.790	.010	.010	.010	9.500	9.500	9.500	.000	.000	.000	.030	.030	.030	.140	.140	.140	.080	.080	.080	.180	.180	.200	327.670	327.670	327.670	327.670	327.670	327.670	60.016	60.017	60.018	
18/07/2018	19:24:31.094	6.790	6.790	6.800	.010	.010	.010	9.500	9.500	9.500	.000	.000	.000	.030	.030	.030	.140	.140	.140	.080	.080	.080	.180	.180	.180	327.670	327.670	327.670	327.670	327.670	327.670	60.012	60.013	60.016	
18/07/2018	19:24:36.094	6.710	6.720	6.800	.010	.010	.010	9.300	9.400	9.500	.000	.000	.000	.030	.030	.030	.140	.140	.140	.080	.080	.080	.180	.180	.200	327.670	327.670	327.670	327.670	327.670	327.670	60.008	60.009	60.011	
18/07/2018	19:24:41.094	6.700	6.700	6.720	.010	.010	.010	9.300	9.300	9.400	.000	.000	.000	.030	.030	.030	.140	.140	.140	.080	.080	.080	.180	.180	.180	327.670	327.670	327.670	327.670	327.670	327.670	60.007	60.007	60.008	
18/07/2018	19:24:46.094	5.630	5.980	6.700	.010	.010	.010	7.800	8.300	9.400	.000	.000	.000	.030	.030	.030	.140	.140	.150	.080	.080	.080	.180	.180	.200	327.670	327.670	327.670	327.670	327.670	327.670	60.008	60.007	60.008	
18/07/2018	19:24:51.094	5.090	5.170	5.630	.010	.010	.010	6.900	7.100	7.800	.000	.000	.000	.030	.030	.030	.140	.140	.150	.080	.080	.080	.180	.180	.180	327.670	327.670	327.670	327.670	327.670	327.670	60.007	60.007	60.008	
18/07/2018	19:24:56.094	4.540	4.760	5.440	.010	.010	.010	6.200	6.400	7.500	.000	.000	.000	.030	.030	.040	.140	.150	.150	.080	.080	.080	.180	.180	.200	327.670	327.670	327.670	327.670	327.670	327.670	60.008	60.009	60.012	
18/07/2018	19:25:01.094	4.500	4.520	4.580	.010	.010	.010	6.100	6.100	6.200	.000	.000	.000	.030	.030	.040	.140	.140	.150	.080	.080	.100	.180	.180	.200	327.670	327.670	327.670	327.670	327.670	327.670	60.013	60.014	60.015	
18/07/2018	19:25:06.094	4.480	4.500	4.530	.010	.010	.010	6.100	6.100	6.200	.000	.000	.000	.030	.040	.040	.140	.150	.150	.080	.080	.100	.180	.180	.200	327.670	327.670	327.670	327.670	327.670	327.670	60.011	60.012	60.015	
18/07/2018	19:25:11.094	4.510	4.540	4.570	.010	.010	.010	6.200	6.200	6.200	.000	.000	.000	.030	.030	.030	.140	.140	.150	.080	.080	.100	.180	.180	.200	327.670	327.670	327.670	327.670	327.670	327.670	60.009	60.009	60.011	
18/07/2018	19:25:16.094	4.470	4.500	4.530	.010	.010	.010	6.100	6.100	6.200	.000	.000	.000	.030	.030	.040	.140	.150	.150	.080	.080	.080	.180	.180	.200	327.670	327.670	327.670	327.670	327.670	327.670	60.009	60.008	60.009	
18/07/2018	19:25:21.094	3.500	4.340	4.700	.010	.010	.010	5.600	6.600	7.200	.000	.000	.000	.030	.030	.030	.140	.140	.150	.080	.080	.080	.180	.180	.200	327.670	327.670	327.670	327.670	327.670	327.670	60.005	60.006	60.009	
18/07/2018	19:25:26.094	3.440	3.800	4.120	.010	.010	.010	5.600	6.100	6.600	.000	.000	.000	.030	.030	.030	.140	.140	.140	.080	.080	.080	.180	.180	.200	327.670	327.670	327.670	327.670	327.670	327.670	60.007	60.008	60.010	
18/07/2018	19:25:31.094	3.490	3.760	3.940	.010	.010	.010	5.600	6.000	6.400	.000	.000	.000	.030	.030	.040	.140	.140	.140	.080	.080	.100	.180	.180	.200	327.670	327.670	327.670	327.670	327.670	327.670	60.007	60.010	60.013	
18/07/2018	19:25:36.094	3.380	3.720	4.080	.010	.010	.010	5.500	6.000	6.700	.000	.000	.000	.030	.040	.040	.140	.140	.140	.080	.080	.080	.180	.180	.200	327.670	327.670	327.670	327.670	327.670	327.670	60.008	60.009	60.011	
18/07/2018	19:25:41.094	3.320	3.700	4.040	.010	.010	.010	5.300	6.000	6.600	.000	.000	.000	.030	.030	.040	.140	.140	.150	.080	.080	.080	.180	.180	.200	327.670	327.670	327.670	327.670	327.670	327.670	60.009	60.012	60.015	
18/07/2018	19:25:46.094	3.400	3.710	4.030	.010	.010	.010	5.500	6.000	6.700	.000	.000	.000	.030	.040	.040	.140	.140	.140	.080	.080	.080	.180	.180	.180	327.670	327.670	327.670	327.670	327.670	327.670	60.013	60.014	60.016	
18/07/2018	19:25:51.094	3.450	3.820	4.060	.010	.010	.010	5.700	6.200	6.600	.000	.000	.000	.030	.040	.040	.140	.140	.150	.080	.080	.080	.180	.180	.200	327.670	327.670	327.670	327.670	327.670	327.670	60.013	60.014	60.016	
18/07/2018	19:25:56.094	3.240	3.520	4.170	.010	.010	.010	5.200	5.800	6.700	.000	.000	.000	.030	.030	.040	.140	.140	.150	.080	.080	.100	.180	.180	.200	327.670	327.670	327.670	327.670	327.670	327.670	60.013	60.013	60.015	
18/07/2018	19:26:01.094	3.250	3.520	3.810	.010	.010	.010	5.400	5.700	6.400	.000	.000	.000	.030	.030	.040	.140	.140	.140	.080	.080	.100	.180	.180	.200	327.670	327.670	327.670	327.670	327.670	327.670	60.013	60.014	60.016	
18/07/2018	19:26:06.094	3.310	3.580	3.870	.010	.010	.010	5.500	5.900	6.400	.000	.000	.000	.030	.040	.040	.140	.140	.150	.080	.080	.080	.180	.180	.200	327.670	327.670	327.670	327.670	327.670	327.670	60.012	60.013	60.015	
18/07/2018	19:26:11.094	3.260	3.510	3.800	.010	.010	.010	5.300	5.700	6.400	.000	.000	.000	.030	.040	.040	.140	.140	.150	.080	.080	.100	.180	.180	.200	327.670	327.670	327.670	327.670	327.670	327.670	60.011	60.012	60.014	
18/07/2018	19:26:16.094	3.240	3.490	3.690	.010	.010	.010	5.300	5.700	6.100	.000	.000	.000	.030	.040	.040	.140	.140	.150	.080	.080	.080	.180	.180	.200	327.670	327.670	327.670	327.670	327.670	327.670	60.012	60.012	60.014	
18/07/2018	19:26:21.094	3.240	3.520	3.750	.010	.010	.010	5.300	5.800	6.200	.000	.000	.000	.030	.040	.040	.140	.140	.150	.080	.080	.100	.180	.180	.200	327.670	327.670	327.670	327.670	327.670	327.670	60.012	60.013	60.015	
18/07/2018	19:26:26.094	3.220	3.520	3.760	.010	.010	.010	5.200	5.800	6.200	.000	.000	.000	.030	.040	.040	.140	.150	.150	.080	.080	.080	.180	.180	.200	327.670	327.670	327.670	327.670	327.670	327.670	60.010	60.011	60.013	
18/07/2018	19:26:31.094	3.230	3.500	3.730	.010	.010	.010	5.300	5.800	6.100	.000	.000	.000	.030	.040	.040	.140	.140	.150	.080	.080	.100	.180	.180	.200	327.670	327.670	327.670	327.670	327.670	327.670	60.006	60.007	60.009	
18/07/2018	19:26:36.094	3.230	3.510	3.760	.010	.010	.010	5.200	5.700	6.300	.000	.000	.000	.030	.040	.040	.140	.150	.150	.080	.080	.100	.180	.180	.200	327.670	327.670	327.670	327.670	327.670	327.670	60.005	60.007	60.010	
18/07/2018	19:26:41.094	3.300	3.560	3.840	.010	.010	.010	5.400	5.900	6.200	.000	.000	.000	.030	.040	.040	.140	.140	.150	.080	.080	.100	.180	.180	.200	327.670	327.670	327.670	327.670	327.670	327.670	60.009	60.010	60.012	
18/07/2018	19:26:46.094	3.180	3.490	3.700	.010	.010	.010	5.300	5.800	6.300	.000	.000	.000	.030	.040	.040	.140	.140	.150	.080	.080	.080	.180	.180	.200	327.670	327.670	327.670	327.670	327.670	327.670	60.011	60.012	60.015	
18/07/2018	19:26:51.094	3.180	3.480	3.730	.010	.010	.010	5.200	5.700	6.200	.000	.000	.000	.030	.040	.040	.140	.150	.150	.080	.080	.100	.180	.180	.200	327.670	327.670	327.670	327.670	327.670	327.670	60.013	60.014	60.016	
18/07/2018	19:26:56.094	3.020	3.360	3.640	.010	.010	.010	5.100	5.400	5.900	.000	.000	.000	.030	.030	.040	.140	.140	.150	.080	.080	.100	.180	.180	.200	327.670	327.670	327.670	327.670	327.670	327.670	60.012	60.014	60.016	
18/07/2018	19:27:01.094	3.150	3.600	3.910	.010	.010	.010	5.100	5.800	6.300	.000	.000	.000	.030	.040	.040	.140	.140	.140	.080	.080	.080	.180	.180	.180	327.670	327.670	327.670	327.670	327.670	327.670	60.011	60.011	60.015	
18/07/2018	19:27:06.094	3.330	3.630	3.850	.010	.010	.010	5.400	5.900	6.300	.000	.000	.000	.030	.040	.040	.140	.140	.150	.080	.080	.080	.180	.180	.200	327.670	327.670	327.670	327.670	327.670	327.670	60.006	60.009	60.012	
18/07/2018	19:27:11.094	1.340	3.640	4.350	.010	.010	.010	2.700	5.800	7.100	.000	.000	.000	.030	.040	.040	.140	.140	.150	.080	.080	.100	.180	.180	.200	327.670	327.670	327.670	327.670	327.670	327.670	60.007	60.008	60.012	
18/07/2018	19:27:16.094	3.560	4.010	4.430	.010	.010	.010	5.800	6.400	7.000	.000	.000	.000	.030	.040	.040	.140	.140	.140	.080	.080	.100	.180	.180	.200	327.670	327.670	327.670	327.670	327.670	327.670	60.008	60.009	60.014	
18/07/2018	19:27:21.094	3.220	3.690	4.240	.010	.010	.010	5.300	5.900	6.700	.000	.000	.000	.030	.040	.040	.140	.140	.150	.080	.080	.080	.180	.180	.200	327.670	327.670	327.670	327.670	327.670	327.670	60.007	60.010	60.013	
18/07/2018	19:27:26.094	3.190	4.310	4.830	.010	.010	.010	5.300	6.200	7.700	.000	.000	.000	.030	.040	.040	.140	.150	.150	.080	.080	.080	.180	.180	.200	327.670	327.670	327.670	327.670	327.670	327.670	60.010	60.012	60.013	
18/07/2018	19:27:31.094	2.850	5.130	5.400	.010	.010	.010	6.200	7.000	7.500	.000	.000	.000	.030	.040	.040	.140	.150	.150	.080	.080	.080	.180	.180	.200	327.670	327.670	327.670	327.670	327.670	327.670	60.011	60.012	60.013	
18/07/2018	19:27:36.094	.410	.500	.550	.010	.010	.010	.600	.700	1.300	.000	.000	.000	.030	.040	.040	.140	.140	.150	.080	.080	.080	.180	.180	.200	327.670	327.670	327.670	327.670	327.670	327.670	60.011	60.010	60.011	
18/07/2018	19:27:41.094	.340	.490	.500	.010	.010	.010	.600	.700	.800	.000	.000	.000	.030	.040	.040	.140	.140	.150	.080	.080	.080	.180	.180	.180	327.670	327.670	327.670	327.670	327.670	327.670	60.011	60.010	60.011	
18/07/2018	19:27:46.094	.500	.510	.510	.010	.010	.010	.700	.700	.800	.000	.000	.000	.040	.040	.040	.140	.140	.150	.080	.080	.100	.180	.180	.180	327.670	327.670	327.670	327.670	327.670	327.670	60.011	60.010	60.011	
18/07/2018	19:27:51.094	.500	.510	.510	.010	.010	.010	.700	.700	.800	.000	.000	.000	.030	.040	.040	.140	.140	.150	.080	.080	.080	.180	.180	.180	327.670	327.670	327.670	327.670	327.670	327.670	60.011	60.010	60.011	
18/07/2018	19:27:56.094	.510	.510	.510	.010	.010	.010	.700	.700	.800	.000	.000	.000	.030	.040	.040	.140	.140	.140	.080	.080	.080	.180	.180	.180	327.670	327.670	327.670	327.670	327.670	327.670	60.011	60.010	60.011	
18/07/2018	19:28:01.094	.510	.510	.510	.010	.010	.010	.700	.700	.800	.000	.000	.000	.030	.040	.040	.140	.140	.150	.080	.080	.080	.180	.180	.180	327.670	327.670	327.670	327.670	327.670	327.670	60.011	60.010	60.011	
18/07/2018	19:28:06.094	.510	.510	.510	.010	.010	.010	.700	.700	.800	.000	.000	.000	.040	.040	.040	.140	.140	.150	.080	.080	.080	.180	.180	.180	327.670	327.670	327.670	327.670	327.670	327.670	60.011	60.010	60.011	
18/07/2018	19:28:11.094	.510	2.700	6.110	.010	.010	.010	.700	2.500	8.600	.000	.000	.000	.030	.040	.040	.140	.150	.150	.080	.080	.080	.180	.180	.200	327.670	327.670	327.670	327.670	327.670	327.670	59.836	60.003	60.185	
18/07/2018	19:28:16.094	6.110	6.110	6.110	.010	.010	.010	8.500	8.500	8.500	.000	.000	.000	.040	.040	.040	.140	.140	.140	.080	.080	.100	.180	.180	.180	327.670	327.670	327.670	327.670	327.670	327.670	59.992	60.007	60.014	
18/07/2018	19:28:21.094	5.900	6.100	6.120	.010	.010	.010	8.500	8.500	8.500	.000	.000	.000	.030	.040	.040	.140	.140	.140	.080	.080	.100	.180	.180	.200	327.670	327.670	327.670	327.670	327.670	327.670	60.014	60.016	60.022	
18/07/2018	19:28:26.094	5.600	5.630	5.640	.010	.010	.010	7.800	7.800	7.900	.000	.000	.000	.030	.040	.040	.140	.140	.150	.080	.080	.100	.180	.180	.200	327.670	327.670	327.670	327.670	327.670	327.670	60.019	60.019	60.020	
18/07/2018	19:28:31.094	5.630	5.640	5.640	.010	.010	.010	7.900	7.900	7.900	.000	.000	.000	.030	.040	.040	.140	.140	.150	.080	.080	.080	.180	.180	.180	327.670	327.670	327.670	327.670	327.670	327.670	60.017	60.017	60.019	
18/07/2018	19:28:36.094	5.510	5.520	5.640	.010	.010	.010	7.700	7.700	7.900	.000	.000	.000	.040	.040	.040	.140	.140	.150	.080	.080	.100	.180	.180	.180	327.670	327.670	327.670	327.670	327.670	327.670	60.015	60.015	60.017	
18/07/2018	19:28:41.094	5.480	5.480	5.510	.010	.010	.010	7.600	7.600	7.700	.000	.000	.000	.040	.040	.040	.140	.150	.150	.080	.080	.100	.180	.180	.200	327.670	327.670	327.670	327.670	327.670	327.670	60.015	60.014	60.015	
18/07/2018	19:28:46.094	4.870	4.950	5.480	.010	.010	.010	6.800	6.900	7.600	.000	.000	.000	.040	.040	.040	.140	.150	.150	.080	.080	.100	.180	.180	.200	327.670	327.670	327.670	327.670	327.670	327.670	60.015	60.014	60.015	
18/07/2018	19:28:51.094	4.530	4.590	4.880	.010	.010	.010	6.300	6.300	6.800	.000	.000	.000	.040	.040	.040	.140	.140	.150	.080	.080	.100	.180	.180	.180	327.670	327.670	327.670	327.670	327.670	327.670	60.014	60.014	60.015	
18/07/2018	19:28:56.094	4.170	4.250	4.560	.010	.010	.010	5.700	5.800	6.300	.000	.000	.000	.040	.040	.040	.140	.150	.150	.080	.080	.080	.180	.180	.180	327.670	327.670	327.670	327.670	327.670	327.670	60.014	60.014	60.015	
18/07/2018	19:29:01.094	4.190	4.190	4.200	.010	.010	.010	5.700	5.700	5.800	.000	.000	.000	.040	.040	.040	.140	.140	.150	.080	.080	.100	.180	.180	.200	327.670	327.670	327.670	327.670	327.670	327.670	60.015	60.015	60.017	
18/07/2018	19:29:06.094	4.180	4.190	4.200	.010	.010	.010	5.700	5.700	5.700	.000	.000	.000	.040	.040	.040	.140	.140	.140	.080	.080	.100	.180	.180	.180	327.670	327.670	327.670	327.670	327.670	327.670	60.017	60.016	60.017	
18/07/2018	19:29:11.094	4.190	4.190	4.200	.010	.010	.010	5.700	5.700	5.700	.000	.000	.000	.040	.040	.040	.140	.140	.140	.080	.080	.100	.180	.180	.200	327.670	327.670	327.670	327.670	327.670	327.670	60.016	60.015	60.016	
18/07/2018	19:29:16.094	4.190	4.200	4.200	.010	.010	.010	5.700	5.700	5.700	.000	.000	.000	.040	.040	.040	.140	.150	.150	.080	.080	.100	.180	.180	.200	327.670	327.670	327.670	327.670	327.670	327.670	60.017	60.018	60.021	
18/07/2018	19:29:21.094	4.200	4.200	4.210	.010	.010	.010	5.700	5.700	5.700	.000	.000	.000	.040	.040	.040	.140	.150	.150	.080	.080	.100	.180	.180	.200	327.670	327.670	327.670	327.670	327.670	327.670	60.021	60.022	60.023	
18/07/2018	19:29:26.094	4.200	4.210	4.220	.010	.010	.010	5.700	5.700	5.800	.000	.000	.000	.040	.040	.040	.140	.150	.150	.080	.080	.100	.180	.180	.200	327.670	327.670	327.670	327.670	327.670	327.670	60.022	60.022	60.023	
18/07/2018	19:29:31.094	4.220	4.600	4.690	.010	.010	.010	5.800	6.300	6.500	.000	.000	.000	.040	.040	.040	.140	.140	.150	.080	.080	.100	.180	.180	.200	327.670	327.670	327.670	327.670	327.670	327.670	60.021	60.021	60.022	
18/07/2018	19:29:36.094	4.650	5.100	5.180	.010	.010	.010	6.400	7.100	7.200	.000	.000	.000	.040	.040	.040	.140	.140	.150	.080	.080	.100	.180	.180	.200	327.670	327.670	327.670	327.670	327.670	327.670	60.021	60.020	60.021	
18/07/2018	19:29:41.094	5.170	5.280	5.300	.010	.010	.010	7.200	7.300	7.400	.000	.000	.000	.040	.040	.040	.140	.140	.150	.080	.080	.100	.180	.180	.200	327.670	327.670	327.670	327.670	327.670	327.670	60.021	60.020	60.022	
18/07/2018	19:29:46.094	5.300	5.350	5.360	.010	.010	.010	7.400	7.500	7.500	.000	.000	.000	.040	.040	.040	.140	.140	.150	.080	.080	.100	.180	.180	.180	327.670	327.670	327.670	327.670	327.670	327.670	60.021	60.020	60.022	
18/07/2018	19:29:51.094	5.360	5.410	5.420	.010	.010	.010	7.500	7.500	7.600	.000	.000	.000	.040	.040	.040	.140	.150	.150	.080	.080	.100	.180	.180	.200	327.670	327.670	327.670	327.670	327.670	327.670	60.020	60.020	60.021	
18/07/2018	19:29:56.094	5.420	5.500	5.510	.010	.010	.010	7.600	7.600	7.700	.000	.000	.000	.040	.040	.040	.140	.140	.150	.080	.080	.100	.180	.180	.200	327.670	327.670	327.670	327.670	327.670	327.670	60.020	60.020	60.021	
18/07/2018	19:30:01.094	5.510	5.570	5.580	.010	.010	.010	7.700	7.800	7.800	.000	.000	.000	.040	.040	.040	.140	.140	.140	.080	.080	.100	.180	.180	.180	327.670	327.670	327.670	327.670	327.670	327.670	60.021	60.020	60.021	
18/07/2018	19:30:06.094	5.580	5.660	5.670	.010	.010	.010	7.800	7.900	7.900	.000	.000	.000	.040	.040	.040	.140	.140	.140	.080	.080	.100	.180	.180	.180	327.670	327.670	327.670	327.670	327.670	327.670	60.018	60.019	60.021	
18/07/2018	19:30:11.094	5.670	5.670	5.670	.010	.010	.010	7.900	7.900	7.900	.000	.000	.000	.040	.040	.040	.140	.140	.140	.080	.080	.100	.180	.180	.200	327.670	327.670	327.670	327.670	327.670	327.670	60.016	60.016	60.018	
18/07/2018	19:30:16.094	5.670	5.670	5.670	.010	.010	.010	7.900	7.900	7.900	.000	.000	.000	.040	.040	.040	.140	.140	.140	.080	.080	.100	.180	.180	.180	327.670	327.670	327.670	327.670	327.670	327.670	60.016	60.016	60.017	
18/07/2018	19:30:21.094	5.670	5.670	5.670	.010	.010	.010	7.900	7.900	7.900	.000	.000	.000	.040	.040	.040	.140	.140	.140	.080	.080	.100	.180	.180	.200	327.670	327.670	327.670	327.670	327.670	327.670	60.016	60.016	60.017	
18/07/2018	19:30:26.094	5.670	5.670	5.670	.010	.010	.010	7.900	7.900	7.900	.000	.000	.000	.040	.040	.040	.140	.140	.150	.080	.080	.100	.180	.180	.180	327.670	327.670	327.670	327.670	327.670	327.670	60.014	60.014	60.016	
18/07/2018	19:30:31.094	5.670	5.670	5.670	.010	.010	.010	7.900	7.900	7.900	.000	.000	.000	.040	.040	.040	.140	.140	.140	.080	.080	.100	.180	.180	.200	327.670	327.670	327.670	327.670	327.670	327.670	60.014	60.014	60.015	
18/07/2018	19:30:36.094	5.600	5.600	5.670	.010	.010	.010	7.800	7.800	7.900	.000	.000	.000	.040	.040	.040	.140	.140	.150	.080	.080	.080	.180	.180	.200	327.670	327.670	327.670	327.670	327.670	327.670	60.015	60.015	60.016	
18/07/2018	19:30:41.094	5.590	5.590	5.600	.010	.010	.010	7.800	7.800	7.800	.000	.000	.000	.040	.040	.040	.140	.140	.140	.080	.080	.100	.180	.180	.200	327.670	327.670	327.670	327.670	327.670	327.670	60.015	60.015	60.016	
18/07/2018	19:30:46.094	5.160	5.210	5.590	.010	.010	.010	7.200	7.200	7.800	.000	.000	.000	.040	.040	.040	.140	.150	.150	.080	.080	.100	.180	.180	.200	327.670	327.670	327.670	327.670	327.670	327.670	60.015	60.014	60.015	
18/07/2018	19:30:51.094	4.640	4.700	5.160	.010	.010	.010	6.400	6.400	7.200	.000	.000	.000	.040	.040	.040	.140	.140	.150	.080	.080	.100	.180	.180	.180	327.670	327.670	327.670	327.670	327.670	327.670	60.014	60.014	60.015	
18/07/2018	19:30:56.094	4.210	4.260	4.640	.010	.010	.010	5.700	5.800	6.400	.000	.000	.000	.040	.040	.040	.140	.140	.150	.080	.080	.100	.180	.180	.200	327.670	327.670	327.670	327.670	327.670	327.670	60.015	60.015	60.016	
18/07/2018	19:31:01.094	4.190	4.200	4.220	.010	.010	.010	5.700	5.700	5.800	.000	.000	.000	.040	.040	.040	.140	.140	.150	.080	.080	.100	.180	.180	.200	327.670	327.670	327.670	327.670	327.670	327.670	60.016	60.015	60.016	
18/07/2018	19:31:06.094	4.190	4.190	4.200	.010	.010	.010	5.700	5.700	5.700	.000	.000	.000	.040	.040	.040	.140	.140	.150	.080	.080	.100	.180	.180	.180	327.670	327.670	327.670	327.670	327.670	327.670	60.016	60.017	60.019	
18/07/2018	19:31:11.094	4.190	4.200	4.200	.010	.010	.010	5.700	5.700	5.700	.000	.000	.000	.040	.040	.040	.140	.140	.140	.080	.080	.100	.180	.180	.200	327.670	327.670	327.670	327.670	327.670	327.670	60.019	60.020	60.021	
18/07/2018	19:31:16.094	4.200	4.200	4.200	.010	.010	.010	5.700	5.700	5.800	.000	.000	.000	.040	.040	.040	.140	.140	.140	.080	.080	.100	.180	.180	.200	327.670	327.670	327.670	327.670	327.670	327.670	60.021	60.021	60.022	
18/07/2018	19:31:21.094	4.200	4.200	4.210	.010	.010	.010	5.700	5.700	5.800	.000	.000	.000	.040	.040	.040	.140	.140	.150	.080	.080	.100	.180	.180	.200	327.670	327.670	327.670	327.670	327.670	327.670	60.021	60.020	60.021	
18/07/2018	19:31:26.094	2.300	3.350	4.440	.010	.010	.010	3.200	4.700	10.900	.000	.000	.000	.040	.040	.040	.140	.140	.140	.080	.080	.100	.180	.180	.200	327.670	327.670	327.670	327.670	327.670	327.670	60.021	60.022	60.025	
18/07/2018	19:31:31.094	4.230	4.890	5.000	.010	.010	.010	5.800	6.800	7.200	.000	.000	.000	.040	.040	.040	.140	.140	.150	.080	.080	.100	.180	.180	.180	327.670	327.670	327.670	327.670	327.670	327.670	60.021	60.022	60.023	
18/07/2018	19:31:36.094	4.990	5.340	5.400	.010	.010	.010	6.900	7.400	7.500	.000	.000	.000	.040	.040	.040	.140	.150	.150	.080	.080	.100	.180	.180	.180	327.670	327.670	327.670	327.670	327.670	327.670	60.020	60.021	60.023	
18/07/2018	19:31:41.094	5.390	5.470	5.480	.010	.010	.010	7.500	7.600	7.700	.000	.000	.000	.040	.040	.040	.140	.150	.150	.080	.080	.100	.180	.180	.180	327.670	327.670	327.670	327.670	327.670	327.670	60.020	60.020	60.023	
18/07/2018	19:31:46.094	5.480	5.510	5.520	.010	.010	.010	7.700	7.700	7.700	.000	.000	.000	.040	.040	.040	.140	.140	.150	.080	.080	.100	.180	.180	.200	327.670	327.670	327.670	327.670	327.670	327.670	60.019	60.018	60.019	
18/07/2018	19:31:51.094	5.520	5.540	5.550	.010	.010	.010	7.700	7.800	7.800	.000	.000	.000	.040	.040	.040	.140	.140	.150	.080	.080	.100	.180	.180	.200	327.670	327.670	327.670	327.670	327.670	327.670	60.019	60.018	60.019	
18/07/2018	19:31:56.094	5.550	5.590	5.600	.010	.010	.010	7.800	7.800	7.900	.000	.000	.000	.040	.040	.040	.140	.150	.150	.080	.080	.100	.180	.180	.200	327.670	327.670	327.670	327.670	327.670	327.670	60.018	60.018	60.019	
18/07/2018	19:32:01.094	5.600	5.630	5.640	.010	.010	.010	7.800	7.900	7.900	.000	.000	.000	.040	.040	.040	.140	.150	.150	.080	.080	.100	.180	.180	.180	327.670	327.670	327.670	327.670	327.670	327.670	60.015	60.016	60.018	
18/07/2018	19:32:06.094	5.640	5.670	5.680	.010	.010	.010	7.900	7.900	8.000	.000	.000	.000	.040	.040	.040	.140	.140	.150	.080	.080	.100	.180	.180	.200	327.670	327.670	327.670	327.670	327.670	327.670	60.015	60.014	60.015	
18/07/2018	19:32:11.094	5.680	5.680	5.680	.010	.010	.010	7.900	7.900	7.900	.000	.000	.000	.040	.040	.040	.140	.150	.150	.080	.080	.100	.180	.180	.200	327.670	327.670	327.670	327.670	327.670	327.670	60.015	60.014	60.015	
18/07/2018	19:32:16.094	4.350	5.110	5.680	.010	.010	.010	6.900	7.900	8.800	.000	.000	.000	.040	.040	.040	.140	.150	.150	.080	.080	.100	.180	.180	.200	327.670	327.670	327.670	327.670	327.670	327.670	60.011	60.012	60.015	
18/07/2018	19:32:21.094	4.310	4.880	5.160	.010	.010	.010	6.900	7.700	8.000	.000	.000	.000	.040	.040	.040	.140	.140	.140	.080	.080	.100	.180	.180	.200	327.670	327.670	327.670	327.670	327.670	327.670	60.009	60.010	60.013	
18/07/2018	19:32:26.094	4.300	4.900	5.150	.010	.010	.010	6.900	7.700	8.000	.000	.000	.000	.040	.040	.040	.140	.150	.150	.080	.080	.100	.180	.180	.200	327.670	327.670	327.670	327.670	327.670	327.670	60.010	60.014	60.017	
18/07/2018	19:32:31.094	4.360	4.920	5.210	.010	.010	.010	7.000	7.800	8.100	.000	.000	.000	.040	.040	.040	.140	.150	.150	.080	.080	.100	.180	.180	.200	327.670	327.670	327.670	327.670	327.670	327.670	60.012	60.015	60.018	
18/07/2018	19:32:36.094	4.330	4.890	5.160	.010	.010	.010	7.000	7.700	8.100	.000	.000	.000	.040	.040	.040	.140	.150	.150	.080	.080	.100	.180	.180	.200	327.670	327.670	327.670	327.670	327.670	327.670	60.011	60.013	60.017	
18/07/2018	19:32:41.094	4.330	4.890	5.170	.010	.010	.010	6.900	7.700	8.000	.000	.000	.000	.040	.040	.040	.140	.150	.150	.080	.080	.100	.180	.180	.200	327.670	327.670	327.670	327.670	327.670	327.670	60.012	60.014	60.016	
18/07/2018	19:32:46.094	4.370	4.870	5.110	.010	.010	.010	7.000	7.600	8.000	.000	.000	.000	.040	.040	.040	.140	.140	.140	.080	.080	.100	.180	.180	.200	327.670	327.670	327.670	327.670	327.670	327.670	60.011	60.014	60.017	
18/07/2018	19:32:51.094	4.240	4.870	5.120	.010	.010	.010	7.000	7.500	7.800	.000	.000	.000	.040	.040	.040	.140	.140	.150	.080	.080	.100	.180	.180	.200	327.670	327.670	327.670	327.670	327.670	327.670	60.009	60.012	60.016	
18/07/2018	19:32:56.094	4.450	4.870	5.140	.010	.010	.010	6.900	7.400	7.800	.000	.000	.000	.040	.040	.040	.140	.140	.140	.080	.080	.100	.180	.180	.200	327.670	327.670	327.670	327.670	327.670	327.670	60.008	60.011	60.015	
18/07/2018	19:33:01.094	4.490	4.880	5.140	.010	.010	.010	7.000	7.400	7.700	.000	.000	.000	.040	.040	.040	.140	.140	.150	.080	.080	.100	.180	.180	.200	327.670	327.670	327.670	327.670	327.670	327.670	60.007	60.011	60.016	
18/07/2018	19:33:06.094	4.570	4.910	5.130	.010	.010	.010	7.000	7.400	7.800	.000	.000	.000	.040	.040	.040	.140	.150	.150	.080	.080	.100	.180	.180	.200	327.670	327.670	327.670	327.670	327.670	327.670	60.008	60.011	60.016	
18/07/2018	19:33:11.094	4.560	4.920	5.190	.010	.010	.010	7.000	7.500	8.200	.000	.000	.000	.040	.040	.040	.140	.150	.150	.080	.080	.100	.180	.180	.200	327.670	327.670	327.670	327.670	327.670	327.670	60.008	60.011	60.016	
18/07/2018	19:33:16.094	4.530	4.910	5.180	.010	.010	.010	7.000	7.400	7.700	.000	.000	.000	.040	.040	.040	.140	.150	.150	.080	.080	.100	.180	.180	.200	327.670	327.670	327.670	327.670	327.670	327.670	60.007	60.010	60.014	
18/07/2018	19:33:21.094	4.550	4.920	5.190	.010	.010	.010	7.000	7.400	7.700	.000	.000	.000	.040	.040	.040	.140	.150	.150	.080	.080	.100	.180	.180	.200	327.670	327.670	327.670	327.670	327.670	327.670	60.006	60.009	60.013	
18/07/2018	19:33:26.094	4.550	4.890	5.160	.010	.010	.010	7.000	7.400	7.700	.000	.000	.000	.040	.040	.040	.140	.150	.150	.080	.080	.100	.180	.180	.200	327.670	327.670	327.670	327.670	327.670	327.670	60.007	60.011	60.015	
18/07/2018	19:33:31.094	4.500	4.970	5.320	.010	.010	.010	7.100	7.600	8.400	.000	.000	.000	.040	.040	.040	.140	.150	.150	.080	.080	.100	.180	.180	.200	327.670	327.670	327.670	327.670	327.670	327.670	60.010	60.014	60.018	
18/07/2018	19:33:36.094	4.440	4.950	5.240	.010	.010	.010	7.200	7.700	8.100	.000	.000	.000	.040	.040	.040	.140	.150	.150	.080	.080	.100	.180	.180	.200	327.670	327.670	327.670	327.670	327.670	327.670	60.005	60.010	60.016	
18/07/2018	19:33:41.094	4.360	4.920	5.190	.010	.010	.010	7.100	7.700	8.000	.000	.000	.000	.040	.040	.040	.140	.150	.150	.080	.080	.100	.180	.180	.200	327.670	327.670	327.670	327.670	327.670	327.670	59.997	60.001	60.007	
18/07/2018	19:33:46.094	5.090	5.400	5.480	.010	.010	.010	7.600	7.600	8.000	.000	.000	.000	.040	.040	.040	.140	.150	.150	.080	.080	.100	.180	.180	.200	327.670	327.670	327.670	327.670	327.670	327.670	59.998	60.000	60.003	
18/07/2018	19:33:51.094	5.420	5.460	5.470	.010	.010	.010	7.600	7.600	7.700	.000	.000	.000	.040	.040	.040	.140	.150	.150	.080	.080	.100	.180	.180	.200	327.670	327.670	327.670	327.670	327.670	327.670	59.996	59.999	60.001	
18/07/2018	19:33:56.094	5.470	5.530	5.540	.010	.010	.010	7.600	7.700	7.800	.000	.000	.000	.040	.040	.040	.140	.150	.150	.080	.080	.100	.180	.180	.180	327.670	327.670	327.670	327.670	327.670	327.670	59.992	59.994	59.999	
18/07/2018	19:34:01.094	5.540	5.590	5.600	.010	.010	.010	7.800	7.800	7.900	.000	.000	.000	.040	.040	.040	.140	.150	.150	.080	.080	.100	.180	.180	.200	327.670	327.670	327.670	327.670	327.670	327.670	59.991	59.992	59.992	
18/07/2018	19:34:06.094	5.600	5.660	5.670	.010	.010	.010	7.800	7.900	8.000	.000	.000	.000	.040	.040	.040	.140	.150	.150	.080	.080	.100	.180	.180	.200	327.670	327.670	327.670	327.670	327.670	327.670	59.990	59.991	59.991	
18/07/2018	19:34:11.094	5.670	5.670	5.670	.010	.010	.010	7.900	7.900	7.900	.000	.000	.000	.040	.040	.040	.140	.140	.150	.080	.080	.100	.180	.180	.200	327.670	327.670	327.670	327.670	327.670	327.670	59.991	59.992	59.992	
18/07/2018	19:34:16.094	5.670	5.670	5.670	.010	.010	.010	7.900	7.900	7.900	.000	.000	.000	.040	.040	.040	.140	.150	.150	.080	.080	.100	.180	.180	.200	327.670	327.670	327.670	327.670	327.670	327.670	59.990	59.992	59.992	
18/07/2018	19:34:21.094	5.670	5.670	5.670	.010	.010	.010	7.900	7.900	7.900	.000	.000	.000	.040	.040	.040	.140	.140	.150	.080	.080	.100	.180	.180	.200	327.670	327.670	327.670	327.670	327.670	327.670	59.989	59.990	59.990	
18/07/2018	19:34:26.094	5.670	5.670	5.670	.010	.010	.010	7.900	7.900	7.900	.000	.000	.000	.040	.040	.040	.140	.150	.150	.080	.080	.100	.180	.180	.180	327.670	327.670	327.670	327.670	327.670	327.670	59.989	59.991	59.992	
18/07/2018	19:34:31.094	5.670	5.670	5.670	.010	.010	.010	7.900	7.900	7.900	.000	.000	.000	.040	.040	.040	.140	.150	.150	.080	.080	.100	.180	.180	.180	327.670	327.670	327.670	327.670	327.670	327.670	59.992	59.995	59.996	
18/07/2018	19:34:36.094	5.620	5.620	5.670	.010	.010	.010	7.800	7.900	7.900	.000	.000	.000	.040	.040	.040	.140	.150	.150	.080	.080	.100	.180	.180	.180	327.670	327.670	327.670	327.670	327.670	327.670	59.996	59.997	59.997	
18/07/2018	19:34:41.094	5.610	5.610	5.620	.010	.010	.010	7.800	7.800	7.900	.000	.000	.000	.040	.040	.040	.140	.150	.150	.080	.080	.100	.180	.180	.200	327.670	327.670	327.670	327.670	327.670	327.670	59.997	59.998	59.998	
18/07/2018	19:34:46.094	5.240	5.280	5.610	.010	.010	.010	7.300	7.300	7.800	.000	.000	.000	.040	.040	.040	.140	.150	.150	.080	.080	.100	.180	.180	.200	327.670	327.670	327.670	327.670	327.670	327.670	59.996	59.997	59.997	
18/07/2018	19:34:51.094	4.760	4.820	5.240	.010	.010	.010	6.500	6.600	7.300	.000	.000	.000	.040	.040	.040	.140	.150	.150	.080	.080	.100	.180	.180	.180	327.670	327.670	327.670	327.670	327.670	327.670	59.994	59.995	59.996	
18/07/2018	19:34:56.094	4.330	4.390	4.760	.010	.010	.010	5.900	6.000	6.500	.000	.000	.000	.040	.040	.040	.140	.150	.150	.080	.080	.100	.180	.180	.200	327.670	327.670	327.670	327.670	327.670	327.670	59.992	59.994	59.994	
18/07/2018	19:35:01.094	4.310	4.310	4.330	.010	.010	.010	5.900	5.900	5.900	.000	.000	.000	.040	.040	.040	.140	.140	.150	.080	.080	.100	.180	.180	.180	327.670	327.670	327.670	327.670	327.670	327.670	59.988	59.990	59.992	
18/07/2018	19:35:06.094	4.310	4.310	4.310	.010	.010	.010	5.900	5.900	5.900	.000	.000	.000	.040	.040	.040	.140	.140	.150	.080	.080	.100	.180	.180	.180	327.670	327.670	327.670	327.670	327.670	327.670	59.985	59.986	59.987	
18/07/2018	19:35:11.094	4.300	4.300	4.310	.010	.010	.010	5.900	5.900	5.900	.000	.000	.000	.040	.040	.040	.140	.150	.150	.080	.080	.100	.180	.180	.200	327.670	327.670	327.670	327.670	327.670	327.670	59.984	59.985	59.985	
18/07/2018	19:35:16.094	4.300	4.300	4.300	.010	.010	.010	5.900	5.900	5.900	.000	.000	.000	.040	.040	.040	.140	.140	.150	.080	.080	.100	.180	.180	.200	327.670	327.670	327.670	327.670	327.670	327.670	59.984	59.984	59.984	
18/07/2018	19:35:21.094	4.290	4.290	4.300	.010	.010	.010	5.900	5.900	5.900	.000	.000	.000	.040	.040	.040	.140	.140	.150	.080	.080	.100	.180	.180	.200	327.670	327.670	327.670	327.670	327.670	327.670	59.984	59.984	59.984	
18/07/2018	19:35:26.094	4.300	4.310	4.320	.010	.010	.010	5.900	5.900	5.900	.000	.000	.000	.040	.040	.040	.140	.140	.140	.080	.080	.100	.180	.180	.180	327.670	327.670	327.670	327.670	327.670	327.670	59.984	59.985	59.985	
18/07/2018	19:35:31.094	4.310	4.720	4.790	.010	.010	.010	5.900	6.500	6.600	.000	.000	.000	.040	.040	.040	.140	.140	.150	.080	.080	.100	.180	.180	.180	327.670	327.670	327.670	327.670	327.670	327.670	59.985	59.988	59.989	
18/07/2018	19:35:36.094	4.770	5.200	5.260	.010	.010	.010	6.600	7.200	7.300	.000	.000	.000	.040	.040	.040	.140	.140	.150	.080	.080	.100	.180	.180	.200	327.670	327.670	327.670	327.670	327.670	327.670	59.989	59.992	59.993	
18/07/2018	19:35:41.094	5.260	5.350	5.380	.010	.010	.010	7.300	7.400	7.500	.000	.000	.000	.040	.040	.040	.140	.140	.150	.080	.080	.100	.180	.180	.200	327.670	327.670	327.670	327.670	327.670	327.670	59.992	59.993	59.994	
18/07/2018	19:35:46.094	5.370	5.420	5.430	.010	.010	.010	7.500	7.500	7.600	.000	.000	.000	.040	.040	.040	.140	.140	.140	.080	.080	.100	.180	.180	.200	327.670	327.670	327.670	327.670	327.670	327.670	59.993	59.994	59.994	
18/07/2018	19:35:51.094	5.430	5.460	5.470	.010	.010	.010	7.600	7.600	7.700	.000	.000	.000	.040	.040	.040	.140	.140	.150	.080	.080	.100	.180	.180	.200	327.670	327.670	327.670	327.670	327.670	327.670	59.993	59.994	59.994	
18/07/2018	19:35:56.094	5.470	5.540	5.550	.010	.010	.010	7.600	7.700	7.800	.000	.000	.000	.040	.040	.040	.140	.140	.150	.080	.080	.100	.180	.180	.200	327.670	327.670	327.670	327.670	327.670	327.670	59.991	59.993	59.993	
18/07/2018	19:36:01.094	5.540	5.600	5.610	.010	.010	.010	7.700	7.800	7.900	.000	.000	.000	.040	.040	.040	.140	.140	.150	.080	.080	.100	.180	.180	.180	327.670	327.670	327.670	327.670	327.670	327.670	59.991	59.991	59.991	
18/07/2018	19:36:06.094	5.610	5.660	5.670	.010	.010	.010	7.800	7.900	7.900	.000	.000	.000	.040	.040	.040	.140	.140	.140	.080	.080	.100	.180	.180	.200	327.670	327.670	327.670	327.670	327.670	327.670	59.990	59.990	59.990	
18/07/2018	19:36:11.094	5.670	5.670	5.670	.010	.010	.010	7.900	7.900	7.900	.000	.000	.000	.040	.040	.040	.140	.150	.150	.080	.080	.100	.180	.180	.200	327.670	327.670	327.670	327.670	327.670	327.670	59.989	59.990	59.990	
18/07/2018	19:36:16.094	5.670	5.670	5.670	.010	.010	.010	7.900	7.900	7.900	.000	.000	.000	.040	.040	.040	.140	.150	.150	.080	.080	.100	.180	.180	.180	327.670	327.670	327.670	327.670	327.670	327.670	59.988	59.989	59.989	
18/07/2018	19:36:21.094	5.670	5.670	5.670	.010	.010	.010	7.900	7.900	7.900	.000	.000	.000	.040	.040	.040	.140	.140	.150	.080	.080	.100	.180	.180	.180	327.670	327.670	327.670	327.670	327.670	327.670	59.988	59.990	59.991	
18/07/2018	19:36:26.094	5.670	5.670	5.670	.010	.010	.010	7.900	7.900	7.900	.000	.000	.000	.040	.040	.040	.140	.140	.140	.080	.080	.100	.180	.180	.180	327.670	327.670	327.670	327.670	327.670	327.670	59.991	59.994	59.996	
18/07/2018	19:36:31.094	5.670	5.670	5.670	.010	.010	.010	7.900	7.900	7.900	.000	.000	.000	.040	.040	.040	.140	.140	.150	.080	.080	.100	.180	.180	.200	327.670	327.670	327.670	327.670	327.670	327.670	59.996	59.998	59.999	
18/07/2018	19:36:36.094	5.620	5.620	5.670	.010	.010	.010	7.900	7.900	7.900	.000	.000	.000	.040	.040	.040	.140	.140	.140	.080	.080	.100	.180	.180	.200	327.670	327.670	327.670	327.670	327.670	327.670	60.000	60.000	60.000	
18/07/2018	19:36:41.094	5.610	5.610	5.620	.010	.010	.010	7.800	7.800	7.900	.000	.000	.000	.040	.040	.040	.140	.140	.140	.080	.080	.100	.180	.180	.200	327.670	327.670	327.670	327.670	327.670	327.670	60.000	60.000	60.000	
18/07/2018	19:36:46.094	5.250	5.290	5.610	.010	.010	.010	7.300	7.300	7.900	.000	.000	.000	.040	.040	.040	.140	.150	.150	.080	.080	.100	.180	.180	.200	327.670	327.670	327.670	327.670	327.670	327.670	60.000	60.000	60.001	
18/07/2018	19:36:51.094	4.760	4.820	5.250	.010	.010	.010	6.500	6.600	7.300	.000	.000	.000	.040	.040	.040	.140	.140	.150	.080	.080	.100	.180	.180	.200	327.670	327.670	327.670	327.670	327.670	327.670	60.001	60.001	60.003	
18/07/2018	19:36:56.094	4.310	4.360	4.760	.010	.010	.010	5.900	6.000	6.500	.000	.000	.000	.040	.040	.040	.140	.150	.150	.080	.080	.100	.180	.180	.180	327.670	327.670	327.670	327.670	327.670	327.670	60.003	60.002	60.003	
18/07/2018	19:37:01.094	4.290	4.290	4.310	.010	.010	.010	5.800	5.900	5.900	.000	.000	.000	.040	.040	.040	.140	.140	.140	.080	.080	.100	.180	.180	.200	327.670	327.670	327.670	327.670	327.670	327.670	60.002	60.002	60.003	
18/07/2018	19:37:06.094	4.290	4.290	4.300	.010	.010	.010	5.800	5.900	5.900	.000	.000	.000	.040	.040	.040	.140	.140	.140	.080	.080	.100	.180	.180	.200	327.670	327.670	327.670	327.670	327.670	327.670	60.002	60.003	60.005	
18/07/2018	19:37:11.094	4.290	4.290	4.300	.010	.010	.010	5.800	5.800	5.900	.000	.000	.000	.040	.040	.040	.140	.140	.150	.080	.080	.100	.180	.180	.200	327.670	327.670	327.670	327.670	327.670	327.670	60.005	60.007	60.010	
18/07/2018	19:37:16.094	4.290	4.290	4.290	.010	.010	.010	5.800	5.800	5.900	.000	.000	.000	.040	.040	.040	.140	.140	.140	.080	.080	.100	.180	.180	.200	327.670	327.670	327.670	327.670	327.670	327.670	60.011	60.011	60.013	
18/07/2018	19:37:21.094	4.280	4.290	4.290	.010	.010	.010	5.800	5.800	5.900	.000	.000	.000	.040	.040	.040	.140	.140	.140	.080	.080	.100	.180	.180	.180	327.670	327.670	327.670	327.670	327.670	327.670	60.013	60.012	60.013	
18/07/2018	19:37:26.094	4.290	4.300	4.310	.010	.010	.010	5.800	5.900	5.900	.000	.000	.000	.040	.040	.040	.140	.140	.140	.080	.080	.100	.180	.180	.180	327.670	327.670	327.670	327.670	327.670	327.670	60.012	60.012	60.013	
18/07/2018	19:37:31.094	4.310	4.710	4.780	.010	.010	.010	5.900	6.500	6.800	.000	.000	.000	.040	.040	.040	.140	.140	.140	.080	.080	.100	.180	.180	.200	327.670	327.670	327.670	327.670	327.670	327.670	60.009	60.010	60.012	
18/07/2018	19:37:36.094	4.770	5.190	5.260	.010	.010	.010	6.600	7.200	8.200	.000	.000	.000	.040	.040	.040	.140	.140	.140	.080	.080	.100	.180	.180	.180	327.670	327.670	327.670	327.670	327.670	327.670	60.006	60.006	60.009	
18/07/2018	19:37:41.094	5.250	5.350	5.370	.010	.010	.010	7.300	7.400	7.700	.000	.000	.000	.040	.040	.040	.140	.140	.140	.080	.080	.100	.180	.180	.180	327.670	327.670	327.670	327.670	327.670	327.670	60.004	60.004	60.006	
18/07/2018	19:37:46.094	5.370	5.410	5.420	.010	.010	.010	7.500	7.500	7.600	.000	.000	.000	.040	.040	.040	.140	.140	.140	.080	.080	.100	.180	.180	.200	327.670	327.670	327.670	327.670	327.670	327.670	60.002	60.003	60.004	
18/07/2018	19:37:51.094	5.420	5.460	5.470	.010	.010	.010	7.600	7.600	7.700	.000	.000	.000	.040	.040	.040	.140	.140	.140	.080	.080	.100	.180	.180	.180	327.670	327.670	327.670	327.670	327.670	327.670	60.002	60.001	60.002	
18/07/2018	19:37:56.094	5.470	5.530	5.540	.010	.010	.010	7.700	7.700	7.800	.000	.000	.000	.040	.040	.040	.140	.140	.140	.080	.080	.100	.180	.180	.200	327.670	327.670	327.670	327.670	327.670	327.670	60.000	60.000	60.002	
18/07/2018	19:38:01.094	5.540	5.600	5.610	.010	.010	.010	7.800	7.800	7.900	.000	.000	.000	.040	.040	.040	.140	.140	.140	.080	.080	.100	.180	.180	.180	327.670	327.670	327.670	327.670	327.670	327.670	59.996	59.998	60.000	
18/07/2018	19:38:06.094	5.610	5.660	5.670	.010	.010	.010	7.800	7.900	7.900	.000	.000	.000	.040	.040	.040	.140	.140	.140	.080	.080	.100	.180	.180	.200	327.670	327.670	327.670	327.670	327.670	327.670	59.991	59.994	59.995	
18/07/2018	19:38:11.094	5.670	5.670	5.670	.010	.010	.010	7.900	7.900	7.900	.000	.000	.000	.040	.040	.040	.140	.150	.150	.080	.080	.100	.180	.180	.180	327.670	327.670	327.670	327.670	327.670	327.670	59.988	59.990	59.991	
18/07/2018	19:38:16.094	5.670	5.670	5.670	.010	.010	.010	7.900	7.900	7.900	.000	.000	.000	.040	.040	.040	.140	.140	.150	.080	.080	.100	.180	.180	.200	327.670	327.670	327.670	327.670	327.670	327.670	59.987	59.988	59.988	
18/07/2018	19:38:21.094	5.670	5.670	5.670	.010	.010	.010	7.900	7.900	7.900	.000	.000	.000	.040	.040	.040	.140	.140	.150	.080	.080	.100	.180	.180	.200	327.670	327.670	327.670	327.670	327.670	327.670	59.986	59.987	59.987	
18/07/2018	19:38:26.094	5.670	5.670	5.670	.010	.010	.010	7.900	7.900	7.900	.000	.000	.000	.040	.040	.040	.140	.140	.140	.080	.080	.100	.180	.180	.180	327.670	327.670	327.670	327.670	327.670	327.670	59.986	59.986	59.987	
18/07/2018	19:38:31.094	.480	4.470	5.670	.010	.010	.010	.700	5.300	7.900	.000	.000	.000	.040	.040	.040	.140	.140	.140	.080	.080	.100	.180	.180	.200	327.670	327.670	327.670	327.670	327.670	327.670	59.987	59.988	59.988	
18/07/2018	19:38:36.094	.530	.530	.530	.010	.010	.010	.800	.800	.800	.000	.000	.000	.040	.040	.040	.140	.140	.150	.060	.060	.100	.180	.180	.200	327.670	327.670	327.670	327.670	327.670	327.670	59.987	59.987	59.987	
18/07/2018	19:38:41.094	.530	.530	.530	.010	.010	.010	.800	.800	.800	.000	.000	.000	.030	.040	.040	.140	.150	.150	.060	.060	.080	.180	.180	.200	327.670	327.670	327.670	327.670	327.670	327.670	59.987	59.987	59.987	
18/07/2018	19:38:46.094	.020	.120	.530	.010	.010	.010	.000	.100	.800	.000	.000	.100	.030	.030	.040	.140	.140	.150	.060	.060	.100	.180	.180	.240	327.670	327.670	327.670	327.670	327.670	327.670	59.987	59.987	59.987	
18/07/2018	19:38:51.094	.020	.020	.030	.010	.010	.010	.000	.000	.100	.000	.000	.000	.030	.160	.190	.140	.140	.150	.060	.160	.260	.180	.180	.260	327.670	327.670	327.670	327.670	327.670	327.670	59.987	59.987	59.987	
18/07/2018	19:38:56.094	.020	.020	.030	.010	.010	.010	.000	.000	.100	.000	.000	.000	.190	.190	.190	.140	.140	.150	.200	.220	.220	.180	.180	.200	327.670	327.670	327.670	327.670	327.670	327.670	59.987	59.987	59.987	
18/07/2018	19:39:01.094	.020	.020	.020	.010	.010	.010	.000	.000	.100	.000	.000	.000	.190	.190	.190	.140	.140	.150	.200	.220	.220	.180	.180	.200	327.670	327.670	327.670	327.670	327.670	327.670	59.987	59.987	59.987	
18/07/2018	19:39:06.094	.020	.020	.020	.010	.010	.010	.000	.000	.100	.000	.000	.000	.190	.190	.190	.140	.140	.150	.200	.220	.220	.180	.180	.180	327.670	327.670	327.670	327.670	327.670	327.670	59.987	59.987	59.987	
18/07/2018	19:39:11.094	.020	.020	.020	.010	.010	.010	.000	.000	.100	.000	.000	.000	.190	.190	.190	.140	.140	.150	.200	.220	.220	.180	.180	.200	327.670	327.670	327.670	327.670	327.670	327.670	59.987	59.987	59.987	
18/07/2018	19:39:16.094	.020	.020	.020	.010	.010	.010	.000	.000	.100	.000	.000	.000	.190	.190	.190	.140	.140	.150	.200	.220	.220	.180	.180	.200	327.670	327.670	327.670	327.670	327.670	327.670	59.987	59.987	59.987	
18/07/2018	19:39:21.094	.020	.020	.020	.010	.010	.010	.000	.100	.100	.000	.000	.000	.190	.190	.190	.140	.150	.150	.200	.220	.280	.180	.180	.240	327.670	327.670	327.670	327.670	327.670	327.670	59.987	59.987	59.987	
18/07/2018	19:39:26.094	.020	.020	.020	.010	.010	.010	.000	.100	.100	.000	.000	.000	.190	.190	.190	.140	.140	.150	.200	.220	.280	.180	.180	.200	327.670	327.670	327.670	327.670	327.670	327.670	59.987	59.987	59.987	
18/07/2018	19:39:31.094	.020	.020	.020	.010	.010	.010	.000	.100	.100	.000	.000	.000	.190	.190	.190	.140	.140	.150	.200	.220	.220	.180	.180	.180	327.670	327.670	327.670	327.670	327.670	327.670	59.987	59.987	59.987	
18/07/2018	19:39:36.094	.020	.020	.020	.010	.010	.010	.000	.100	.100	.000	.000	.000	.190	.190	.190	.140	.140	.150	.200	.220	.220	.180	.180	.200	327.670	327.670	327.670	327.670	327.670	327.670	59.987	59.987	59.987	
18/07/2018	19:39:41.094	.020	.020	.020	.010	.010	.010	.000	.000	.100	.000	.000	.000	.190	.190	.190	.140	.140	.140	.200	.220	.220	.180	.180	.200	327.670	327.670	327.670	327.670	327.670	327.670	59.987	59.987	59.987	
18/07/2018	19:39:46.094	.020	.020	.020	.010	.010	.010	.000	.000	.100	.000	.000	.000	.190	.190	.190	.140	.140	.150	.200	.220	.220	.180	.180	.180	327.670	327.670	327.670	327.670	327.670	327.670	59.987	59.987	59.987	
18/07/2018	19:39:51.094	.020	.020	.020	.010	.010	.010	.000	.000	.100	.000	.000	.000	.190	.190	.190	.140	.140	.150	.200	.220	.220	.180	.180	.180	327.670	327.670	327.670	327.670	327.670	327.670	59.987	59.987	59.987	
18/07/2018	19:39:56.094	.020	.020	.020	.010	.010	.010	.000	.000	.100	.000	.000	.000	.190	.190	.190	.140	.140	.140	.200	.220	.220	.180	.180	.200	327.670	327.670	327.670	327.670	327.670	327.670	59.987	59.987	59.987	
18/07/2018	19:40:01.094	.020	.020	.020	.010	.010	.010	.000	.100	.100	.000	.000	.000	.190	.190	.190	.140	.140	.140	.200	.220	.220	.180	.180	.180	327.670	327.670	327.670	327.670	327.670	327.670	59.987	59.987	59.987	
18/07/2018	19:40:06.094	.020	.020	.020	.010	.010	.010	.000	.100	.100	.000	.000	.000	.190	.190	.190	.140	.140	.140	.200	.220	.220	.180	.180	.180	327.670	327.670	327.670	327.670	327.670	327.670	59.987	59.987	59.987	
18/07/2018	19:40:11.094	.020	.020	.020	.010	.010	.010	.000	.000	.100	.000	.000	.000	.190	.190	.190	.140	.140	.140	.200	.220	.220	.180	.180	.200	327.670	327.670	327.670	327.670	327.670	327.670	59.987	59.987	59.987	
18/07/2018	19:40:16.094	.020	.020	.020	.010	.010	.010	.000	.000	.100	.000	.000	.000	.190	.190	.190	.140	.140	.140	.200	.220	.220	.180	.180	.180	327.670	327.670	327.670	327.670	327.670	327.670	59.987	59.987	59.987	
18/07/2018	19:40:21.094	.020	.020	.020	.010	.010	.010	.000	.000	.100	.000	.000	.000	.190	.190	.190	.140	.140	.140	.200	.220	.220	.180	.180	.200	327.670	327.670	327.670	327.670	327.670	327.670	59.987	59.987	59.987	
18/07/2018	19:40:26.094	.020	.020	.020	.010	.010	.010	.000	.000	.100	.000	.000	.000	.190	.190	.190	.140	.140	.140	.200	.220	.220	.180	.180	.180	327.670	327.670	327.670	327.670	327.670	327.670	59.987	59.987	59.987	
18/07/2018	19:40:31.094	.020	.020	.020	.010	.010	.010	.000	.100	.100	.000	.000	.000	.190	.190	.190	.140	.140	.140	.200	.220	.220	.180	.180	.200	327.670	327.670	327.670	327.670	327.670	327.670	59.987	59.987	59.987	
18/07/2018	19:40:36.094	.020	.020	.020	.010	.010	.010	.000	.000	.100	.000	.000	.000	.190	.190	.190	.140	.140	.140	.200	.220	.220	.180	.180	.200	327.670	327.670	327.670	327.670	327.670	327.670	59.987	59.987	59.987	
18/07/2018	19:40:41.094	.020	.020	.030	.010	.010	.010	.000	.100	.100	.000	.000	.000	.190	.190	.190	.140	.140	.140	.200	.220	.220	.180	.180	.180	327.670	327.670	327.670	327.670	327.670	327.670	59.987	59.987	59.987	
18/07/2018	19:40:46.094	.020	.020	.020	.010	.010	.010	.000	.100	.100	.000	.000	.000	.190	.190	.190	.140	.140	.140	.200	.220	.220	.180	.180	.180	327.670	327.670	327.670	327.670	327.670	327.670	59.987	59.987	59.987	
18/07/2018	19:40:51.094	.020	.020	.020	.010	.010	.010	.000	.100	.100	.000	.000	.000	.190	.190	.190	.140	.140	.140	.200	.220	.220	.180	.180	.180	327.670	327.670	327.670	327.670	327.670	327.670	59.987	59.987	59.987	
18/07/2018	19:40:56.094	.020	.020	.020	.010	.010	.010	.000	.100	.100	.000	.000	.000	.190	.190	.190	.140	.140	.140	.200	.220	.220	.180	.180	.180	327.670	327.670	327.670	327.670	327.670	327.670	59.987	59.987	59.987	
18/07/2018	19:41:01.094	.020	.020	.020	.010	.010	.010	.000	.100	.100	.000	.000	.000	.190	.190	.190	.140	.140	.140	.200	.220	.220	.180	.180	.180	327.670	327.670	327.670	327.670	327.670	327.670	59.987	59.987	59.987	
18/07/2018	19:41:06.094	.020	.020	.030	.010	.010	.010	.000	.100	.100	.000	.000	.100	.190	.190	.190	.140	.140	.140	.200	.220	.320	.180	.180	.260	327.670	327.670	327.670	327.670	327.670	327.670	59.987	59.987	59.987	
18/07/2018	19:41:11.094	.020	.020	.020	.010	.010	.010	.000	.100	.100	.000	.000	.000	.190	.190	.190	.140	.140	.140	.200	.220	.220	.180	.180	.180	327.670	327.670	327.670	327.670	327.670	327.670	59.987	59.987	59.987	
18/07/2018	19:41:16.094	.020	.020	.020	.010	.010	.010	.000	.100	.100	.000	.000	.000	.190	.190	.190	.140	.140	.140	.200	.220	.220	.180	.180	.180	327.670	327.670	327.670	327.670	327.670	327.670	59.987	59.987	59.987	